007681.jpg bird 45 91 349 245 
007684.jpg chair 238 180 36 36 chair 134 239 28 40 chair 97 219 29 34 diningtable 111 209 28 33 chair 77 230 21 46 
007686.jpg train 150 232 36 53 
007689.jpg dog 17 27 169 243 person 222 2 278 266 
007690.jpg bus 72 15 344 233 person 26 117 33 99 person 4 119 26 91 car 425 125 35 16 car 466 131 34 22 
007693.jpg car 133 106 315 257 
007695.jpg dog 158 96 218 181 person 57 1 287 251 
007698.jpg aeroplane 185 142 142 68 
007700.jpg bottle 202 11 78 202 person 30 330 62 121 person 70 64 100 158 person 282 71 60 105 person 88 356 105 124 
007701.jpg car 256 175 185 99 car 167 184 121 70 car 94 190 45 49 car 2 187 111 69 person 157 183 19 58 
007703.jpg dog 111 59 130 124 
007706.jpg person 93 59 230 275 person 255 23 118 277 
007707.jpg bird 29 153 110 140 bird 148 160 30 50 bird 129 181 70 106 bird 181 206 104 133 
007708.jpg chair 140 276 169 99 chair 355 199 40 56 diningtable 368 202 36 57 
007710.jpg bicycle 8 238 112 93 bicycle 410 264 90 111 
007711.jpg aeroplane 90 173 360 148 
007714.jpg car 166 131 163 139 person 468 151 25 59 person 1 176 34 80 
007716.jpg dog 197 122 175 197 
007717.jpg bottle 4 112 468 184 
007719.jpg person 152 153 31 86 person 44 256 66 140 person 1 206 68 199 
007722.jpg chair 275 216 33 9 chair 320 226 19 92 chair 221 217 15 18 chair 242 232 46 100 diningtable 220 223 110 102 chair 150 248 60 34 chair 4 261 39 43 chair 231 282 39 94 chair 158 307 77 69 diningtable 3 268 260 108 pottedplant 89 97 46 40 
007725.jpg bicycle 138 209 208 140 person 190 147 126 199 
007726.jpg train 22 18 302 436 person 7 273 15 32 person 333 292 12 82 person 301 354 31 37 
007728.jpg person 222 82 158 252 person 86 74 164 260 
007730.jpg bird 15 88 193 264 
007733.jpg cat 58 204 396 178 cat 82 1 400 132 
007734.jpg car 31 92 246 190 car 276 121 90 89 
007737.jpg train 84 198 290 238 
007738.jpg chair 2 1 372 499 
007739.jpg bottle 165 210 57 162 chair 4 169 157 226 chair 16 101 36 73 chair 63 100 44 32 person 85 69 288 326 
007741.jpg bird 45 254 22 35 bird 156 231 18 24 bird 87 124 32 28 bird 66 108 34 13 bird 242 66 53 47 bird 150 144 42 48 bird 221 178 95 49 bird 316 198 100 55 bird 354 149 36 25 bird 253 174 46 25 bird 279 144 14 23 bird 400 66 21 13 bird 320 64 21 14 bird 312 75 26 16 bird 207 78 28 17 bird 19 61 20 14 bird 440 71 14 9 bird 419 78 14 11 bird 208 65 16 11 bird 183 60 14 11 bird 47 58 16 11 bird 100 55 15 13 bird 344 110 10 14 
007744.jpg bottle 443 160 46 145 bottle 378 164 62 143 bottle 384 131 55 94 bottle 341 154 32 139 bottle 309 133 46 180 bottle 278 153 30 140 bottle 238 126 49 186 bottle 219 174 27 121 bottle 173 140 51 169 bottle 140 168 40 126 bottle 93 142 47 166 bottle 38 170 44 137 bottle 1 209 18 127 bottle 4 170 32 116 person 168 110 49 60 
007747.jpg tvmonitor 382 165 38 30 sofa 15 190 185 140 diningtable 2 293 372 82 chair 432 309 61 66 
007750.jpg horse 97 113 197 367 person 119 85 133 222 
007752.jpg chair 354 168 55 77 person 192 106 114 128 
007755.jpg person 90 38 284 461 
007756.jpg chair 333 269 107 106 chair 8 277 219 98 person 70 242 123 133 
007757.jpg car 15 40 468 212 car 3 11 207 81 car 391 26 88 38 car 482 18 18 60 
007759.jpg person 68 1 202 322 person 227 64 139 230 person 341 1 113 320 person 465 1 35 318 person 30 112 59 104 person 431 127 55 85 
007761.jpg car 9 18 491 290 person 19 2 44 79 
007764.jpg train 98 73 345 147 
007766.jpg 
007769.jpg person 188 112 71 294 
007770.jpg dog 295 112 205 221 person 231 1 269 332 person 1 1 372 332 
007771.jpg train 2 128 345 38 
007774.jpg horse 1 43 383 332 
007778.jpg bottle 229 99 211 107 person 1 86 426 246 
007780.jpg sofa 2 139 465 236 person 1 39 258 336 
007782.jpg person 5 8 334 367 
007783.jpg motorbike 1 2 488 373 person 466 92 34 134 bottle 470 206 26 73 person 295 1 58 102 person 211 1 86 114 
007784.jpg train 9 11 491 213 
007785.jpg sofa 249 215 236 132 chair 77 206 100 166 person 91 135 165 224 chair 380 214 92 161 chair 245 234 157 141 
007787.jpg dog 43 55 384 214 
007788.jpg boat 5 119 489 208 
007789.jpg person 251 139 26 53 person 125 125 40 69 person 178 132 38 60 person 206 136 23 54 horse 128 163 28 59 horse 156 162 18 59 horse 177 161 34 58 horse 209 166 11 49 horse 228 165 21 52 horse 254 164 21 45 horse 277 165 19 44 
007792.jpg motorbike 70 151 59 124 motorbike 121 135 21 33 motorbike 183 137 16 28 
007794.jpg dog 57 164 241 223 
007796.jpg train 68 118 430 216 
007797.jpg car 74 128 277 205 person 366 90 96 285 
007800.jpg car 239 180 169 53 
007801.jpg diningtable 151 252 296 123 person 187 142 101 124 person 277 152 86 107 person 254 102 45 56 
007802.jpg dog 2 11 498 364 
007804.jpg train 1 6 499 328 
007805.jpg horse 121 3 233 371 
007806.jpg aeroplane 33 212 425 158 aeroplane 226 243 274 96 car 62 335 28 11 car 26 335 23 12 
007807.jpg car 30 27 426 290 car 409 149 91 68 
007808.jpg sofa 374 158 126 62 tvmonitor 132 92 57 126 person 196 138 113 233 
007811.jpg sofa 2 99 498 276 person 54 35 411 340 cat 185 142 205 233 
007816.jpg tvmonitor 121 160 32 37 person 153 169 49 56 tvmonitor 382 143 26 24 sofa 243 170 68 33 chair 230 191 55 49 chair 197 167 37 42 
007817.jpg person 2 22 386 460 person 225 98 249 348 chair 337 308 136 139 
007818.jpg bus 327 110 47 61 car 1 140 39 26 car 43 135 50 31 car 92 136 43 29 car 143 134 41 31 car 186 139 30 24 car 217 147 14 13 car 297 146 13 13 car 312 148 7 8 car 1 184 59 60 
007822.jpg person 176 108 74 127 person 200 98 100 65 person 238 129 73 130 
007823.jpg cat 50 82 308 286 
007825.jpg aeroplane 28 125 449 129 
007827.jpg dog 1 1 332 279 
007828.jpg chair 237 1 158 213 dog 104 43 183 234 
007829.jpg cat 82 77 251 285 
007830.jpg person 208 34 284 340 
007832.jpg chair 81 165 160 202 chair 371 148 117 143 sofa 110 149 256 117 
007835.jpg tvmonitor 135 88 124 110 chair 377 140 98 115 chair 347 238 153 94 person 174 119 26 54 car 421 25 23 9 car 409 30 27 13 car 382 27 25 12 
007837.jpg aeroplane 65 96 416 181 aeroplane 424 212 76 33 
007839.jpg car 51 47 392 274 car 256 1 244 130 pottedplant 241 8 47 59 pottedplant 101 40 45 62 pottedplant 1 99 33 94 
007842.jpg tvmonitor 1 25 497 350 
007844.jpg car 1 31 401 285 
007846.jpg person 237 30 230 300 person 1 1 251 332 
007848.jpg motorbike 211 62 215 278 
007849.jpg tvmonitor 217 81 25 20 tvmonitor 247 86 22 23 tvmonitor 194 81 22 26 tvmonitor 100 235 34 46 person 362 89 66 80 person 379 166 50 114 person 414 138 40 137 person 436 110 37 129 
007850.jpg boat 105 25 368 230 
007851.jpg cow 111 91 297 187 
007852.jpg train 26 176 474 180 
007858.jpg bus 369 45 111 116 person 409 96 49 118 person 342 98 39 101 person 318 116 16 50 person 308 118 11 48 bus 474 97 19 58 
007860.jpg person 116 96 158 216 
007861.jpg car 125 28 242 156 person 56 77 23 49 person 47 80 16 51 car 2 114 32 39 car 329 45 28 13 car 419 39 33 16 
007862.jpg sofa 111 122 389 247 person 213 105 207 270 person 196 84 162 290 person 117 99 157 248 person 29 53 275 248 person 100 45 58 84 person 167 49 45 70 bottle 458 52 17 38 bottle 479 45 20 35 bottle 438 59 9 26 bottle 423 53 16 35 
007866.jpg car 16 1 318 490 
007867.jpg cat 3 50 477 237 
007870.jpg aeroplane 1 162 418 99 
007871.jpg person 8 76 204 299 
007874.jpg person 124 91 62 122 horse 164 20 158 306 
007875.jpg dog 44 43 289 432 
007879.jpg dog 109 11 360 239 
007880.jpg cat 36 54 401 214 
007881.jpg train 14 33 486 250 
007882.jpg car 46 87 412 185 car 417 82 83 96 person 276 103 18 25 person 157 57 24 39 person 47 53 18 54 person 72 51 20 46 
007887.jpg person 2 2 318 323 
007888.jpg person 260 55 168 172 person 61 81 133 151 
007891.jpg person 22 24 296 341 
007892.jpg person 174 94 128 385 
007893.jpg bird 376 279 84 76 
007894.jpg sheep 274 134 57 55 sheep 337 135 78 58 sheep 285 193 187 151 sheep 132 181 169 135 sheep 19 145 74 93 sheep 57 140 50 76 
007895.jpg person 1 59 284 316 dog 330 35 170 340 
007896.jpg chair 221 214 99 119 chair 343 191 143 141 chair 12 114 49 85 chair 38 105 22 41 chair 41 192 126 141 person 227 71 58 78 person 284 75 78 85 person 137 82 59 78 person 92 87 110 98 person 46 117 191 216 person 351 84 77 97 person 319 98 160 235 diningtable 129 140 267 100 
007903.jpg sofa 100 143 400 232 person 361 103 139 151 person 1 73 184 302 
007904.jpg person 89 121 51 133 person 413 109 34 66 person 348 116 27 57 person 319 113 36 65 person 160 124 14 35 person 146 126 14 32 person 131 128 15 32 
007906.jpg car 64 60 416 223 car 1 7 242 148 car 316 26 89 33 car 419 30 70 38 car 470 42 30 67 car 459 48 28 26 car 141 5 124 55 car 285 17 56 38 car 393 25 47 35 car 266 11 29 39 
007907.jpg dog 39 66 227 126 
007912.jpg bus 89 78 411 212 person 408 183 41 106 person 334 137 14 26 
007913.jpg pottedplant 242 56 258 319 person 19 94 107 281 person 221 90 105 176 
007917.jpg person 21 109 207 263 
007918.jpg bicycle 1 267 71 93 bicycle 398 231 47 41 
007922.jpg bird 198 245 85 67 
007927.jpg car 1 65 477 254 person 451 117 49 59 person 487 109 13 70 
007929.jpg person 80 172 91 237 person 172 176 105 183 person 156 137 124 322 person 254 137 225 325 person 312 150 114 263 sofa 12 195 465 195 
007930.jpg dog 205 274 217 80 
007934.jpg bird 29 152 292 221 
007936.jpg bird 23 46 454 401 
007937.jpg sofa 26 231 160 142 sofa 391 190 109 82 bottle 373 231 10 47 bicycle 390 79 36 56 
007938.jpg cat 17 137 272 138 cat 179 79 261 139 
007941.jpg person 1 1 404 499 
007942.jpg horse 95 29 156 226 person 309 147 106 180 person 340 151 57 173 person 328 60 101 249 
007944.jpg bus 25 28 475 168 person 76 80 13 23 person 401 70 14 19 
007945.jpg train 89 113 333 170 person 479 222 14 32 
007948.jpg car 77 122 408 133 person 236 140 49 35 
007949.jpg bus 472 202 26 39 bus 386 186 100 90 bus 279 181 117 111 bus 178 176 113 130 bus 3 157 189 187 
007951.jpg bus 1 1 464 266 person 465 153 30 58 
007952.jpg boat 223 138 110 165 
007955.jpg 
007957.jpg person 91 37 289 295 person 1 141 131 173 person 125 94 88 126 
007960.jpg car 77 145 387 134 
007961.jpg car 320 150 121 49 car 48 159 87 59 car 193 199 307 134 car 396 177 104 91 car 87 168 92 84 car 445 165 55 37 person 157 123 86 210 
007962.jpg dog 72 163 325 212 person 184 177 120 198 sofa 4 23 496 352 
007965.jpg person 77 126 279 373 person 18 86 314 412 person 349 126 40 30 
007966.jpg person 209 105 137 244 person 109 95 136 254 
007967.jpg car 193 52 133 68 car 402 68 74 48 person 63 15 61 186 
007969.jpg dog 206 328 51 98 dog 110 302 57 93 person 47 181 74 239 person 216 124 103 258 person 133 119 80 249 person 342 146 24 57 person 301 151 20 43 car 66 155 23 25 person 220 146 13 31 person 209 143 14 42 
007972.jpg person 303 34 103 109 person 107 60 103 91 horse 226 49 246 204 horse 4 61 284 214 
007973.jpg aeroplane 35 115 358 92 
007975.jpg horse 1 16 367 344 person 379 203 68 80 
007977.jpg person 82 28 418 347 
007978.jpg motorbike 255 134 72 89 person 247 107 80 108 
007981.jpg person 106 96 271 236 
007982.jpg tvmonitor 89 141 77 48 tvmonitor 1 138 134 134 tvmonitor 86 149 245 91 tvmonitor 1 217 451 64 
007983.jpg motorbike 1 115 284 321 person 175 109 70 111 
007985.jpg aeroplane 1 1 499 296 person 229 104 76 226 
007986.jpg person 57 68 234 432 
007988.jpg person 247 37 253 337 
007989.jpg diningtable 2 246 303 254 chair 1 160 42 125 chair 209 158 119 105 chair 266 156 67 344 
007990.jpg boat 1 70 474 229 
007992.jpg car 218 126 129 88 person 17 28 17 39 person 40 27 17 41 
007993.jpg aeroplane 5 95 476 155 aeroplane 4 197 162 48 
007994.jpg person 455 138 45 132 person 349 147 59 145 person 88 145 37 122 person 213 149 37 121 person 195 127 43 82 person 224 114 98 147 person 400 150 43 116 
007995.jpg aeroplane 20 115 421 103 
008000.jpg cow 246 198 144 106 cow 107 141 127 160 bird 147 103 22 48 bird 109 234 34 54 
008003.jpg motorbike 19 83 470 206 person 149 8 231 258 
008006.jpg car 22 266 122 80 
008007.jpg bicycle 139 1 321 308 
008010.jpg horse 217 83 170 137 person 245 63 93 132 pottedplant 320 100 84 219 pottedplant 426 137 74 164 pottedplant 87 124 37 124 pottedplant 1 82 36 183 
008011.jpg cat 27 16 244 236 
008013.jpg 
008014.jpg person 229 21 146 221 person 179 8 104 163 
008015.jpg bird 206 96 104 177 
008016.jpg aeroplane 22 77 428 131 
008018.jpg sofa 1 124 415 214 person 2 105 324 233 person 372 209 128 129 
008020.jpg car 12 202 125 96 
008021.jpg motorbike 64 14 255 486 
008022.jpg person 292 10 208 323 person 1 25 209 308 person 152 96 125 235 
008025.jpg dog 72 69 200 177 
008027.jpg person 1 119 171 291 
008028.jpg bird 272 175 87 77 bird 83 121 162 132 
008030.jpg car 88 77 290 157 
008034.jpg motorbike 50 79 178 131 motorbike 224 81 191 155 person 245 39 170 190 
008035.jpg car 305 369 70 106 person 131 355 32 27 person 213 383 31 46 person 13 359 30 90 
008038.jpg person 130 121 83 254 person 198 141 72 234 person 256 136 58 239 person 289 124 97 251 
008039.jpg chair 172 223 38 43 chair 207 224 29 41 chair 281 223 32 38 chair 248 223 35 39 pottedplant 121 182 54 86 pottedplant 320 224 19 35 pottedplant 221 197 67 62 person 43 188 42 110 
008041.jpg person 3 129 280 368 chair 25 21 350 422 
008045.jpg diningtable 235 2 228 142 chair 349 33 79 72 chair 423 67 77 109 person 334 6 166 137 
008046.jpg person 238 156 92 205 person 99 185 54 110 person 208 203 37 35 person 1 217 22 64 bicycle 170 235 159 118 bicycle 252 238 54 61 bicycle 198 226 67 34 bicycle 76 227 85 74 bicycle 3 257 17 53 
008047.jpg tvmonitor 85 252 204 220 car 150 1 174 183 car 250 30 125 319 car 121 1 49 106 car 98 1 35 70 
008050.jpg tvmonitor 280 148 82 102 tvmonitor 198 146 82 99 chair 1 314 133 61 person 287 181 53 37 person 203 178 62 31 
008052.jpg car 239 74 99 65 person 199 38 43 115 
008054.jpg dog 10 88 472 215 
008055.jpg aeroplane 319 142 17 16 aeroplane 295 149 17 14 aeroplane 305 126 19 16 aeroplane 320 69 17 16 aeroplane 308 90 19 15 aeroplane 298 112 16 13 aeroplane 274 118 17 14 aeroplane 249 119 17 13 aeroplane 261 138 19 14 
008056.jpg chair 206 161 34 39 chair 235 160 33 41 
008058.jpg person 397 286 103 89 person 353 64 125 292 person 153 66 128 309 person 1 46 135 329 
008059.jpg person 121 15 85 120 horse 107 51 96 152 person 235 90 15 41 person 275 92 10 24 
008065.jpg train 2 261 498 73 
008066.jpg bird 270 1 129 217 
008070.jpg person 2 34 339 466 person 33 129 66 193 person 14 132 42 183 person 90 143 27 106 
008071.jpg dog 86 315 221 137 pottedplant 1 2 166 498 
008073.jpg diningtable 194 221 276 154 chair 262 197 69 31 chair 162 209 102 155 chair 181 231 111 143 chair 291 273 146 102 person 82 56 79 292 
008074.jpg bicycle 61 254 249 202 person 22 192 50 142 person 103 127 169 309 person 65 185 39 147 
008077.jpg person 1 114 134 251 person 333 106 167 269 person 175 157 240 218 sofa 51 114 449 132 
008078.jpg cow 245 259 128 90 
008080.jpg dog 160 188 328 186 dog 59 163 98 107 person 86 110 393 252 
008081.jpg cow 64 123 235 164 cow 132 89 138 128 person 399 30 43 145 person 443 39 40 134 person 55 1 62 127 person 114 1 53 125 person 323 15 38 53 person 378 15 36 122 person 429 6 46 125 person 298 7 31 47 
008088.jpg bus 51 3 449 372 person 352 211 29 49 car 2 225 30 33 
008089.jpg cat 340 91 130 175 bottle 217 93 49 105 
008090.jpg cow 118 174 237 173 cow 14 124 29 22 cow 362 133 25 20 cow 359 102 22 11 cow 457 93 29 14 cow 436 157 40 40 
008092.jpg train 387 115 113 125 
008094.jpg bottle 230 294 79 78 person 293 92 207 283 person 1 80 245 290 
008097.jpg bird 164 63 191 262 
008099.jpg boat 140 7 85 272 boat 45 114 49 131 person 155 224 33 39 person 51 213 14 20 
008102.jpg dog 85 142 135 147 person 219 114 115 176 
008104.jpg aeroplane 1 76 457 206 person 231 204 35 78 person 409 189 41 121 person 362 188 39 123 person 341 190 35 113 person 472 193 27 81 person 444 192 30 70 person 426 186 21 72 aeroplane 458 166 42 34 car 135 204 57 18 
008109.jpg horse 72 132 185 177 horse 257 133 192 135 
008110.jpg cat 90 210 121 78 chair 46 125 219 259 person 65 139 176 321 chair 306 114 69 143 chair 294 118 61 132 
008111.jpg cow 17 22 244 273 person 75 192 105 277 person 232 93 112 356 cow 95 22 124 124 
008113.jpg chair 119 136 90 148 chair 276 134 88 136 chair 211 147 80 156 chair 199 126 49 71 diningtable 159 142 161 142 
008114.jpg sofa 86 189 328 170 car 380 174 89 40 
008118.jpg bird 105 164 180 107 bird 278 178 211 114 
008119.jpg sofa 184 413 71 60 
008120.jpg person 62 65 263 367 person 229 186 148 248 person 1 189 73 249 car 4 1 374 135 
008123.jpg bird 323 109 51 40 
008124.jpg person 317 38 43 177 
008126.jpg car 79 160 358 172 person 278 26 222 290 person 143 158 45 41 person 174 166 17 26 
008128.jpg bicycle 85 87 264 207 person 98 43 122 206 
008129.jpg car 82 126 253 193 
008131.jpg person 295 41 203 334 person 87 79 165 296 chair 306 249 145 126 
008133.jpg car 101 138 318 206 
008134.jpg bottle 19 8 52 139 bottle 73 10 49 136 bottle 124 9 48 138 bottle 178 20 41 127 bottle 222 22 45 126 bottle 272 22 50 127 bottle 327 22 46 125 bottle 377 21 46 126 bottle 429 22 48 127 bottle 20 195 45 124 bottle 69 195 45 124 bottle 121 198 42 120 bottle 173 196 40 124 bottle 220 196 43 122 bottle 271 182 45 122 bottle 325 196 42 122 bottle 373 193 44 123 bottle 426 195 42 122 
008135.jpg car 471 22 29 42 car 5 2 468 372 
008136.jpg car 21 111 441 245 
008143.jpg car 219 181 129 73 
008145.jpg boat 1 153 403 203 boat 343 202 157 156 
008146.jpg person 144 381 30 90 
008147.jpg person 110 30 71 93 horse 49 52 185 111 
008148.jpg bird 127 32 254 343 
008149.jpg dog 2 22 410 353 
008152.jpg person 222 45 122 329 person 425 92 30 68 person 11 88 40 122 car 73 92 376 229 car 2 92 69 98 
008153.jpg diningtable 2 274 369 226 chair 6 277 51 50 chair 124 256 61 24 chair 207 256 65 26 chair 328 278 46 34 
008154.jpg train 1 123 499 143 
008155.jpg sofa 1 224 218 237 pottedplant 334 186 35 41 
008156.jpg chair 1 5 67 95 pottedplant 232 90 33 122 pottedplant 73 97 101 217 
008157.jpg 
008158.jpg bus 62 32 123 64 car 163 90 105 71 car 1 81 193 294 
008161.jpg car 255 267 67 49 car 320 280 29 24 car 227 276 30 27 car 66 254 171 113 car 141 119 223 76 car 1 200 49 72 
008162.jpg sofa 126 101 233 143 sofa 2 163 354 211 pottedplant 284 184 73 48 
008165.jpg train 2 72 353 227 train 323 84 177 185 
008167.jpg dog 12 138 60 78 pottedplant 98 127 80 144 
008170.jpg person 9 1 185 373 person 301 49 100 284 person 234 57 25 57 
008172.jpg dog 200 134 245 308 person 57 14 422 474 
008176.jpg dog 108 137 176 184 sofa 385 47 115 237 
008178.jpg dog 295 131 74 82 chair 8 29 451 344 person 79 43 367 230 
008179.jpg tvmonitor 82 2 298 226 
008181.jpg dog 1 1 311 256 
008182.jpg cat 39 30 409 218 bottle 135 95 12 44 bottle 116 88 20 50 
008183.jpg horse 10 54 292 232 person 54 21 140 248 
008184.jpg chair 108 366 100 134 chair 136 307 48 34 
008185.jpg pottedplant 1 214 311 268 
008187.jpg sheep 274 41 189 220 sheep 189 62 130 219 sheep 1 92 191 231 
008192.jpg sheep 225 181 141 134 sheep 422 170 78 170 sheep 384 144 116 104 horse 403 33 71 125 person 151 54 130 220 
008193.jpg bird 179 96 175 120 
008194.jpg train 49 138 372 185 
008195.jpg motorbike 1 78 499 298 person 33 1 249 287 
008196.jpg chair 206 103 220 124 person 151 114 144 124 person 1 92 49 181 pottedplant 394 115 106 115 
008198.jpg diningtable 1 29 487 304 chair 72 1 72 104 
008201.jpg dog 269 45 231 241 dog 2 64 236 311 dog 139 238 361 137 person 1 1 115 83 
008205.jpg horse 91 69 136 112 person 144 22 35 108 
008206.jpg pottedplant 119 32 185 202 
008207.jpg person 375 18 117 175 person 301 37 95 156 person 206 46 150 149 person 143 39 88 154 person 106 51 61 142 person 11 90 97 103 person 8 243 164 155 person 159 264 68 74 person 144 264 165 134 person 270 264 60 97 person 308 306 49 92 person 329 243 118 152 pottedplant 351 216 142 154 
008210.jpg chair 270 244 65 82 chair 228 322 92 53 chair 170 227 50 34 chair 1 236 34 34 diningtable 3 248 290 127 
008212.jpg bus 155 206 83 39 car 235 242 34 18 car 167 247 36 16 car 78 294 36 28 car 212 415 20 44 car 199 465 32 35 car 67 256 12 15 
008214.jpg bird 112 123 235 178 
008215.jpg person 79 133 115 272 
008217.jpg boat 44 146 293 177 person 293 184 13 29 person 92 167 8 21 
008219.jpg person 302 54 20 16 person 96 98 112 62 boat 1 1 111 61 
008221.jpg bicycle 2 27 497 348 
008227.jpg motorbike 341 137 115 196 
008228.jpg horse 25 28 298 267 
008230.jpg motorbike 33 72 403 250 motorbike 1 172 67 92 person 109 121 33 49 person 61 134 23 66 person 21 130 19 47 
008231.jpg car 4 29 496 346 person 254 57 20 32 person 450 57 14 39 person 334 55 28 39 car 6 79 51 38 person 290 66 23 85 person 228 58 15 23 
008233.jpg person 170 50 330 320 person 135 212 133 93 chair 4 198 128 118 
008234.jpg train 12 82 180 166 person 96 107 22 33 person 190 120 63 87 
008237.jpg train 54 35 235 169 person 330 166 14 58 person 220 184 36 60 
008238.jpg dog 54 174 250 159 person 65 84 322 249 
008239.jpg pottedplant 25 63 218 107 person 218 43 194 226 person 52 62 189 228 
008240.jpg cat 100 39 187 271 cat 281 113 214 208 
008242.jpg motorbike 7 41 408 332 
008243.jpg bird 1 12 294 488 
008245.jpg diningtable 73 213 427 162 diningtable 1 158 63 70 chair 457 232 43 83 chair 58 312 141 63 chair 199 310 105 65 chair 37 270 70 105 chair 46 234 143 128 chair 2 227 79 143 chair 75 193 41 76 chair 78 163 11 29 chair 60 161 12 10 chair 46 158 13 6 chair 29 155 16 10 chair 4 202 25 29 chair 1 196 16 7 person 357 162 72 126 person 298 150 66 110 person 256 158 59 90 person 211 149 51 87 person 100 153 88 70 person 26 174 60 123 pottedplant 290 98 33 63 
008246.jpg bus 8 50 169 163 bus 170 60 138 116 bus 302 66 122 84 car 424 103 71 32 
008247.jpg train 8 16 485 314 
008249.jpg boat 32 98 433 114 person 337 32 95 118 person 229 61 111 100 
008255.jpg bicycle 159 332 224 147 bicycle 41 224 173 198 person 49 117 139 222 
008256.jpg person 176 52 102 172 horse 34 73 324 344 
008257.jpg diningtable 19 53 381 246 chair 105 1 73 58 chair 267 3 70 97 chair 287 1 80 116 
008259.jpg car 1 35 117 101 car 93 20 195 118 car 263 17 237 142 person 132 47 135 157 
008264.jpg bus 33 84 446 258 person 488 192 12 35 car 19 213 24 25 bus 43 161 61 100 
008265.jpg person 151 27 349 347 person 4 36 489 336 
008266.jpg train 8 98 418 193 
008267.jpg cat 188 157 161 216 cat 41 159 118 81 
008270.jpg car 21 7 468 420 
008271.jpg person 277 167 48 124 person 153 210 15 51 person 167 213 14 45 person 181 209 18 50 person 109 219 21 51 person 73 194 22 74 car 1 218 65 78 pottedplant 206 135 59 185 pottedplant 136 209 17 50 pottedplant 198 196 15 71 
008273.jpg motorbike 33 303 332 197 
008274.jpg tvmonitor 240 22 234 233 
008276.jpg person 100 66 399 309 
008277.jpg person 1 39 247 261 
008278.jpg boat 92 89 140 202 boat 2 185 38 56 person 123 254 36 28 
008283.jpg car 82 96 335 154 
008286.jpg sofa 222 296 237 125 
008287.jpg person 167 53 333 322 
008288.jpg person 15 65 283 310 tvmonitor 308 79 89 97 
008289.jpg car 1 84 422 291 
008290.jpg car 103 34 267 210 car 402 46 98 57 car 131 22 250 91 
008291.jpg tvmonitor 133 1 264 165 
008298.jpg horse 340 112 160 159 horse 299 129 171 89 horse 84 84 272 180 horse 1 81 229 149 
008303.jpg horse 59 84 343 245 person 211 45 104 187 
008304.jpg cow 125 162 246 328 cow 2 123 250 363 
008305.jpg bird 140 95 299 150 
008308.jpg train 104 162 271 59 
008309.jpg sofa 64 71 436 304 person 82 97 312 276 person 3 65 228 310 
008314.jpg person 231 51 78 173 
008321.jpg person 2 28 324 472 
008324.jpg motorbike 215 219 99 61 motorbike 276 201 68 57 car 29 184 134 89 
008325.jpg sofa 2 134 498 241 person 22 65 179 310 person 171 76 210 299 person 243 91 257 284 
008328.jpg dog 137 164 113 264 
008330.jpg bottle 1 276 53 188 
008331.jpg train 366 156 92 132 train 89 88 278 218 
008333.jpg sheep 111 4 253 280 
008334.jpg sheep 154 82 135 106 
008337.jpg bus 1 34 499 334 
008339.jpg train 73 150 277 89 
008340.jpg dog 1 1 452 373 
008343.jpg sheep 13 123 321 377 
008344.jpg sheep 342 203 68 65 sheep 260 144 28 33 sheep 196 126 38 42 sheep 67 107 49 50 sheep 1 100 37 38 
008347.jpg tvmonitor 387 186 54 46 sofa 1 169 204 137 chair 2 266 141 67 chair 284 176 57 68 
008348.jpg bird 139 41 183 177 
008350.jpg person 163 132 67 244 person 124 139 68 175 
008352.jpg aeroplane 66 36 403 195 
008353.jpg car 151 114 186 74 
008354.jpg person 186 44 69 174 horse 75 85 282 184 
008356.jpg dog 135 14 299 248 
008357.jpg bus 65 71 355 143 car 421 156 35 21 car 36 150 29 30 car 1 126 65 51 
008358.jpg cow 116 29 232 253 
008361.jpg cat 216 1 284 272 
008362.jpg bicycle 373 1 127 140 bicycle 294 252 109 82 person 35 35 312 299 person 1 209 37 66 
008363.jpg person 19 35 177 340 
008366.jpg bus 47 15 408 341 
008367.jpg bicycle 43 42 84 52 bicycle 344 117 66 59 bicycle 409 110 34 61 bicycle 200 211 169 97 bicycle 231 291 169 84 person 120 26 100 260 
008369.jpg boat 329 228 37 31 person 320 196 44 38 
008371.jpg bird 3 41 417 245 
008373.jpg boat 184 153 23 20 boat 291 147 61 20 boat 143 118 81 47 boat 87 149 51 15 
008375.jpg car 280 455 73 34 
008377.jpg person 157 2 343 372 person 1 1 136 374 
008378.jpg car 77 86 402 177 
008379.jpg bottle 327 3 130 305 
008380.jpg sofa 5 117 471 144 pottedplant 433 57 67 187 
008382.jpg pottedplant 43 6 91 115 bottle 169 46 23 59 chair 1 152 55 112 chair 139 117 93 94 chair 302 96 43 56 chair 231 100 81 76 diningtable 4 127 496 310 person 40 47 21 35 person 41 67 20 33 
008383.jpg car 1 97 499 240 person 432 85 38 77 person 421 66 29 46 person 401 95 36 65 person 350 64 41 54 person 284 78 31 36 person 136 60 35 50 person 91 59 37 94 person 89 131 33 28 person 53 131 40 36 person 30 102 44 72 person 1 130 28 65 person 330 131 22 26 person 1 74 18 58 
008389.jpg pottedplant 436 1 64 85 pottedplant 474 48 26 50 pottedplant 356 121 119 136 pottedplant 1 195 131 180 pottedplant 18 4 275 255 pottedplant 155 143 179 195 pottedplant 298 111 75 98 pottedplant 274 214 141 115 pottedplant 228 326 124 49 
008392.jpg sofa 1 63 499 312 person 100 97 256 218 
008393.jpg bird 15 1 223 106 bird 41 29 257 329 bird 203 82 297 293 bird 210 158 290 217 
008394.jpg chair 38 50 296 391 
008395.jpg sofa 212 59 284 210 
008396.jpg person 10 79 345 207 
008399.jpg horse 72 141 357 331 person 181 108 141 193 
008400.jpg person 179 1 273 374 person 413 56 87 319 person 55 119 140 256 bottle 169 238 14 46 
008401.jpg bicycle 253 93 147 154 
008402.jpg person 56 146 132 187 person 160 133 103 200 person 237 146 56 187 person 284 171 93 162 person 307 156 45 79 person 331 168 57 165 person 362 166 65 167 person 398 153 102 180 
008404.jpg tvmonitor 183 72 146 134 
008405.jpg tvmonitor 315 50 120 111 tvmonitor 181 58 107 102 tvmonitor 73 50 119 111 bottle 157 123 20 47 
008406.jpg bicycle 432 312 30 9 person 440 288 16 31 bus 134 266 201 69 
008407.jpg tvmonitor 73 175 130 106 tvmonitor 349 158 48 60 chair 350 255 139 120 chair 349 210 87 107 person 146 131 204 244 tvmonitor 418 153 16 52 chair 470 194 30 57 
008408.jpg car 6 68 488 298 
008411.jpg person 3 4 296 370 
008412.jpg train 1 132 357 77 train 325 88 175 117 
008414.jpg car 68 75 404 261 bottle 38 102 9 16 
008417.jpg sofa 82 322 135 77 
008418.jpg cow 324 75 121 189 cow 360 164 140 201 cow 149 58 40 47 cow 274 43 36 32 cow 426 39 32 22 cow 381 37 29 45 cow 180 32 32 30 cow 117 40 14 24 person 5 2 329 370 
008419.jpg dog 104 180 173 119 
008420.jpg dog 1 2 499 354 
008421.jpg car 100 67 297 163 
008428.jpg tvmonitor 170 10 169 151 
008431.jpg chair 249 182 90 116 chair 361 205 73 93 diningtable 267 166 145 132 
008432.jpg car 54 232 261 204 
008435.jpg train 145 115 146 109 
008436.jpg person 122 41 230 334 person 54 34 102 251 
008439.jpg sofa 1 2 374 498 person 58 82 317 418 
008440.jpg aeroplane 19 38 481 337 
008441.jpg dog 59 15 165 251 dog 172 74 300 238 
008446.jpg person 96 43 185 291 
008447.jpg car 22 33 478 314 car 266 1 107 49 car 112 15 32 24 
008448.jpg bus 334 255 117 73 bus 252 277 18 21 
008451.jpg person 249 48 172 327 
008455.jpg motorbike 66 238 201 186 person 80 219 46 143 person 104 221 72 193 
008457.jpg pottedplant 54 43 106 126 pottedplant 34 180 75 100 pottedplant 116 227 68 51 pottedplant 34 298 50 75 pottedplant 131 293 50 80 pottedplant 37 412 55 75 
008458.jpg pottedplant 348 16 93 107 person 235 68 159 307 person 105 68 130 307 bottle 24 340 18 35 
008459.jpg aeroplane 170 238 330 96 aeroplane 107 179 163 70 aeroplane 157 175 135 38 aeroplane 136 176 89 23 aeroplane 359 154 91 32 aeroplane 439 149 61 43 
008460.jpg person 143 18 290 312 
008463.jpg person 27 132 201 243 person 330 134 170 241 person 60 140 176 235 
008464.jpg car 38 287 34 17 car 76 284 28 17 car 189 285 23 16 car 346 292 30 26 car 309 294 49 31 bus 142 270 39 31 person 256 284 10 17 person 444 294 15 21 bicycle 440 304 30 11 
008469.jpg person 224 1 276 374 person 1 85 222 290 
008471.jpg pottedplant 330 12 46 84 tvmonitor 298 155 105 111 
008473.jpg train 2 10 395 344 
008474.jpg chair 1 108 267 392 person 96 29 219 471 
008476.jpg horse 108 348 121 100 horse 41 344 135 105 
008479.jpg car 135 102 266 169 car 443 159 57 63 car 408 167 55 42 car 389 170 33 39 
008480.jpg bird 115 72 92 65 person 79 136 102 364 person 215 231 21 71 person 233 233 23 69 person 254 227 29 76 person 49 215 23 88 person 23 248 23 75 person 1 213 21 122 person 168 224 27 108 
008481.jpg chair 145 65 226 230 car 317 9 91 35 car 114 15 34 27 car 83 20 25 22 
008486.jpg tvmonitor 156 231 59 60 tvmonitor 213 231 59 53 chair 169 241 127 197 sofa 1 309 137 191 
008487.jpg person 16 1 471 373 
008488.jpg car 305 188 98 60 bus 218 93 135 127 car 1 161 127 91 
008489.jpg dog 89 22 149 352 
008490.jpg chair 10 239 163 221 chair 173 242 158 212 chair 78 228 123 162 chair 202 226 113 152 diningtable 70 240 211 171 
008491.jpg dog 259 187 70 51 person 128 135 47 142 
008493.jpg dog 108 33 234 148 chair 59 12 65 83 chair 143 17 65 62 chair 274 15 70 82 chair 369 6 84 97 dog 226 28 44 52 
008496.jpg cat 175 146 63 92 person 164 108 118 347 
008497.jpg cat 70 1 418 293 
008500.jpg train 1 42 423 155 
008501.jpg person 220 304 16 40 person 192 301 18 43 person 171 299 17 34 person 152 295 16 34 person 133 293 16 31 person 104 290 10 28 person 80 284 15 31 
008504.jpg car 337 114 110 87 car 397 1 41 26 car 309 11 53 30 car 189 1 45 20 car 167 1 29 14 car 104 61 76 48 car 156 87 82 52 car 162 129 101 36 car 151 154 156 81 car 235 50 65 43 car 324 57 73 48 car 291 73 73 52 car 434 60 66 52 car 425 43 63 47 car 477 15 23 29 
008505.jpg diningtable 1 270 435 103 person 305 109 172 266 person 68 121 142 159 person 209 122 116 189 
008507.jpg bicycle 2 2 498 372 bicycle 227 345 142 30 
008508.jpg bird 42 46 308 454 
008510.jpg sofa 12 109 488 261 person 242 131 258 114 
008511.jpg bicycle 8 24 485 301 
008515.jpg bicycle 47 152 187 107 
008516.jpg cat 153 43 347 332 bottle 267 201 112 57 
008520.jpg diningtable 1 130 499 245 person 199 11 103 135 person 318 54 182 249 person 1 55 172 306 bottle 288 222 36 106 bottle 253 114 25 68 bottle 299 1 14 26 person 149 100 59 109 
008525.jpg tvmonitor 3 58 259 308 cat 256 253 105 196 
008527.jpg cow 86 110 160 112 cow 252 124 61 46 cow 314 103 161 51 cow 330 122 169 163 cow 142 146 198 229 cow 2 142 49 153 
008528.jpg diningtable 164 147 336 228 person 445 35 55 229 person 386 75 77 177 person 243 61 160 170 person 266 93 59 79 person 192 100 55 61 person 58 75 193 231 person 60 83 57 100 chair 17 184 46 93 chair 43 174 21 32 chair 47 163 17 19 person 5 314 148 61 
008531.jpg train 163 71 172 210 person 228 133 35 30 person 232 113 21 45 person 185 136 27 25 person 288 135 28 26 
008532.jpg dog 42 78 405 269 
008537.jpg aeroplane 4 12 496 299 person 49 213 34 109 person 341 189 55 124 person 402 187 46 120 person 383 218 41 86 person 466 207 31 77 
008538.jpg person 11 8 382 471 
008539.jpg cat 48 27 452 312 
008540.jpg bicycle 176 37 238 296 bicycle 1 1 197 282 person 1 1 115 137 person 249 1 184 205 
008543.jpg chair 358 195 114 107 sofa 2 213 129 159 sofa 232 299 229 76 
008544.jpg dog 4 20 496 289 cat 189 1 143 70 
008545.jpg boat 272 241 78 103 boat 92 29 203 354 
008546.jpg bus 2 4 495 369 
008547.jpg pottedplant 330 170 113 128 pottedplant 240 63 137 232 pottedplant 150 46 105 254 pottedplant 25 155 83 94 
008548.jpg car 47 32 428 300 car 182 1 196 105 car 440 22 60 70 person 403 7 37 106 person 376 10 24 75 person 19 13 21 57 person 49 8 22 64 person 361 15 17 37 
008551.jpg bicycle 2 125 103 154 person 2 56 116 116 person 294 128 149 172 bicycle 189 173 278 207 
008552.jpg train 1 116 332 277 
008554.jpg aeroplane 204 114 231 82 aeroplane 1 165 88 31 
008555.jpg bottle 273 390 26 65 
008560.jpg person 391 235 97 100 car 433 200 67 104 car 422 186 78 56 car 397 183 57 58 bicycle 29 198 18 28 person 259 129 24 35 
008561.jpg tvmonitor 328 56 172 209 tvmonitor 142 61 181 171 
008563.jpg tvmonitor 342 88 85 82 chair 281 161 121 196 
008565.jpg bird 63 131 118 325 
008566.jpg person 73 64 287 311 
008567.jpg person 122 5 173 495 
008569.jpg sofa 78 47 422 290 person 244 21 164 291 person 148 39 135 248 person 66 22 118 247 person 5 223 223 151 
008570.jpg pottedplant 1 151 314 349 
008571.jpg boat 53 1 235 176 
008574.jpg horse 57 284 252 212 person 114 174 109 203 
008575.jpg cat 19 2 314 498 
008577.jpg person 345 60 155 315 person 45 44 220 331 
008578.jpg person 242 128 21 78 boat 129 141 313 109 
008579.jpg motorbike 297 213 181 95 motorbike 47 185 182 123 person 248 181 51 156 person 202 181 43 143 person 195 160 16 38 person 157 161 20 35 person 91 164 20 27 person 73 163 17 60 person 58 162 17 58 car 408 177 28 14 
008580.jpg train 60 129 359 158 
008583.jpg bottle 403 163 30 78 bottle 366 165 27 77 bottle 340 154 26 81 bottle 330 149 14 49 person 1 1 385 374 
008589.jpg bird 179 89 179 107 
008590.jpg boat 328 228 93 96 boat 424 248 37 33 boat 334 213 40 38 boat 318 240 40 26 bird 444 230 40 29 bird 107 230 25 14 bird 199 231 20 13 bird 183 222 27 12 bird 255 223 21 16 bird 283 222 15 16 
008591.jpg diningtable 3 34 330 466 chair 114 1 121 35 bottle 254 2 34 85 bottle 104 15 29 82 bottle 107 47 26 67 bottle 10 171 83 230 
008593.jpg horse 1 112 30 47 horse 42 122 138 140 horse 138 141 83 119 horse 168 122 149 130 horse 266 135 75 112 horse 348 137 79 109 horse 323 132 48 118 horse 432 150 48 95 car 310 103 79 22 person 79 84 44 125 person 129 102 22 35 person 213 92 36 106 person 285 109 25 91 person 301 101 24 49 person 345 112 19 24 person 462 106 18 93 
008594.jpg dog 139 1 361 304 cat 28 89 270 240 
008597.jpg motorbike 121 109 379 199 person 230 103 171 206 
008598.jpg sheep 321 152 162 165 sheep 287 129 183 53 sheep 167 125 94 164 sheep 115 134 91 142 
008599.jpg dog 57 26 166 451 pottedplant 1 164 23 55 pottedplant 1 143 32 41 pottedplant 60 91 39 50 
008600.jpg chair 2 2 498 333 
008603.jpg dog 23 159 309 234 person 172 16 160 233 
008605.jpg cow 53 134 73 38 horse 127 124 30 80 cow 146 131 46 93 person 127 86 33 59 person 242 83 32 59 cow 211 133 92 96 
008609.jpg car 30 72 450 236 
008611.jpg tvmonitor 358 65 96 67 
008613.jpg dog 22 76 471 184 
008614.jpg sofa 53 180 273 137 sofa 203 179 152 63 sofa 292 171 74 46 
008616.jpg person 206 23 167 302 person 132 77 95 159 person 17 50 129 270 person 342 54 155 203 person 447 75 53 126 
008619.jpg motorbike 54 30 379 300 person 288 12 53 74 person 464 21 36 180 person 1 94 55 216 
008622.jpg car 112 142 165 103 car 115 73 39 40 
008623.jpg motorbike 51 203 229 141 person 137 163 88 196 
008625.jpg aeroplane 44 63 456 181 person 364 196 23 51 person 433 199 23 45 
008626.jpg chair 401 154 39 62 chair 373 163 54 70 pottedplant 450 122 49 112 pottedplant 450 213 50 56 pottedplant 467 234 33 74 
008627.jpg bottle 233 168 41 151 
008629.jpg person 3 4 330 495 
008630.jpg bus 100 71 329 262 
008631.jpg bird 315 153 62 48 
008632.jpg car 155 122 276 120 
008634.jpg person 472 163 28 202 person 418 123 53 156 
008637.jpg dog 107 107 280 127 
008640.jpg bird 37 49 155 184 
008641.jpg dog 206 101 159 250 person 73 1 344 374 
008642.jpg bus 26 124 438 166 person 5 201 21 49 
008643.jpg boat 154 72 328 157 boat 5 103 198 126 
008646.jpg chair 305 69 188 207 chair 3 115 218 260 
008648.jpg motorbike 19 234 89 99 person 19 186 89 130 
008649.jpg dog 4 2 496 373 
008650.jpg sofa 1 24 498 351 
008651.jpg dog 72 38 198 297 
008652.jpg person 171 53 194 447 person 85 234 47 98 person 12 171 58 140 
008656.jpg dog 1 97 278 236 
008657.jpg car 2 104 498 271 
008658.jpg car 26 86 320 287 
008659.jpg tvmonitor 125 39 287 170 
008660.jpg tvmonitor 264 29 202 214 
008661.jpg pottedplant 5 157 42 68 pottedplant 167 168 35 65 pottedplant 288 168 26 64 
008662.jpg bird 157 62 112 236 
008664.jpg person 67 72 240 426 
008666.jpg bicycle 210 5 165 377 person 1 47 321 453 
008668.jpg car 178 29 311 301 car 1 86 196 235 
008669.jpg aeroplane 83 93 381 164 person 446 149 36 116 person 167 159 41 96 person 341 167 32 88 
008671.jpg chair 362 142 125 116 chair 58 101 91 99 sofa 1 110 126 174 chair 1 236 114 139 sofa 305 108 135 120 
008672.jpg train 1 162 306 30 
008673.jpg chair 74 217 117 245 bicycle 36 114 58 126 
008674.jpg dog 73 76 427 299 
008675.jpg tvmonitor 105 4 331 355 
008677.jpg train 17 35 462 244 
008678.jpg person 89 164 145 286 
008679.jpg train 1 142 159 134 train 1 142 45 59 
008681.jpg person 266 53 203 279 person 35 156 213 176 
008682.jpg car 55 96 441 169 person 47 50 47 150 person 80 42 61 75 
008684.jpg car 3 100 430 168 
008685.jpg sheep 61 64 312 258 
008686.jpg tvmonitor 139 57 94 80 person 347 3 153 157 
008689.jpg motorbike 80 69 293 196 motorbike 404 22 96 73 motorbike 2 34 95 89 person 168 12 206 258 person 128 32 61 85 person 358 2 33 106 person 381 1 38 102 person 199 1 40 118 
008693.jpg car 36 77 464 255 
008694.jpg car 384 182 116 59 motorbike 181 152 64 46 person 198 128 33 47 person 37 221 24 69 
008696.jpg train 12 50 488 241 
008697.jpg diningtable 2 136 373 364 bottle 207 15 109 484 
008700.jpg person 237 64 203 299 person 19 64 266 311 sofa 5 87 478 288 
008703.jpg cat 192 82 289 279 
008704.jpg boat 238 171 50 14 person 237 140 13 37 person 274 155 12 22 
008705.jpg dog 125 78 188 190 chair 117 86 243 176 
008707.jpg tvmonitor 319 99 181 149 tvmonitor 154 114 190 137 tvmonitor 4 131 171 123 
008708.jpg car 293 206 18 13 person 259 168 140 207 person 123 177 137 198 
008711.jpg car 21 77 425 240 car 210 8 290 158 person 234 141 43 41 person 351 40 32 29 
008712.jpg train 114 113 386 160 
008714.jpg aeroplane 15 68 464 225 
008715.jpg car 79 129 226 128 
008719.jpg diningtable 2 247 498 128 person 113 1 324 256 person 462 69 38 170 
008721.jpg person 186 70 292 297 
008724.jpg car 267 83 193 131 
008726.jpg person 251 1 241 499 person 159 114 86 72 
008729.jpg chair 1 63 499 312 
008734.jpg chair 14 41 65 75 person 54 16 28 56 car 40 44 460 331 car 363 39 137 129 car 120 11 153 60 person 271 6 17 23 person 427 1 46 42 
008735.jpg bicycle 326 269 62 44 bicycle 1 275 50 45 
008736.jpg bus 346 83 154 192 
008737.jpg cat 78 1 422 332 
008740.jpg bottle 186 186 120 147 person 44 2 456 331 person 13 3 272 185 
008743.jpg train 183 142 83 126 
008745.jpg bicycle 26 209 98 113 bicycle 211 239 97 136 person 235 146 70 109 person 57 149 68 126 
008746.jpg bird 136 210 181 162 bird 206 84 174 164 bird 140 74 62 151 bird 47 64 65 188 
008751.jpg chair 271 333 126 42 chair 105 340 130 34 chair 1 330 102 45 diningtable 1 238 378 102 tvmonitor 315 135 50 41 person 271 265 89 82 person 144 271 123 82 person 219 199 51 49 person 81 147 28 51 person 52 146 30 86 person 22 149 30 35 person 233 141 28 47 person 368 78 90 234 person 364 114 51 81 chair 261 165 37 48 
008754.jpg pottedplant 327 153 28 148 pottedplant 291 162 46 161 pottedplant 229 165 40 153 pottedplant 101 167 34 38 chair 4 214 71 93 chair 107 192 64 70 chair 110 182 49 59 diningtable 38 183 72 90 
008758.jpg cow 101 140 187 152 cow 168 106 75 69 cow 23 138 104 82 cow 51 80 55 34 cow 192 60 48 29 person 343 50 118 269 
008761.jpg aeroplane 42 16 429 341 car 1 138 85 167 motorbike 79 116 46 55 
008762.jpg sofa 236 281 97 102 sofa 2 275 79 102 dog 222 349 69 59 person 85 118 153 382 
008763.jpg cow 47 107 304 353 
008765.jpg person 1 23 37 106 person 388 116 94 233 person 298 154 99 141 person 144 119 43 68 person 171 110 71 170 person 197 126 95 187 bicycle 266 222 184 123 bicycle 160 204 160 99 bicycle 115 186 91 88 
008767.jpg cat 173 95 258 221 
008774.jpg person 227 123 97 252 person 101 96 143 279 person 317 95 109 280 
008777.jpg car 51 86 388 194 
008778.jpg bottle 367 1 59 148 person 1 2 186 373 
008779.jpg chair 28 181 168 194 
008780.jpg bird 388 124 36 96 person 153 96 107 186 person 2 91 399 242 person 434 198 66 135 bird 418 40 20 21 bird 390 29 16 28 bird 341 13 19 29 bird 330 8 12 18 
008781.jpg dog 2 21 484 309 
008782.jpg bus 130 126 258 141 
008785.jpg car 1 39 446 329 car 5 56 222 126 person 68 47 55 119 
008786.jpg horse 174 168 204 102 horse 50 155 68 91 horse 114 166 46 74 horse 379 118 121 112 person 420 114 42 83 person 217 126 60 113 person 55 147 32 74 person 115 151 31 68 person 198 145 26 34 
008787.jpg cat 175 45 318 292 
008788.jpg bus 44 172 360 197 car 380 277 120 164 car 1 274 21 32 car 12 272 60 41 
008789.jpg train 1 56 390 227 
008791.jpg aeroplane 8 114 480 111 
008792.jpg dog 178 32 271 343 dog 1 11 369 364 
008795.jpg sheep 74 49 357 238 person 200 2 240 302 
008797.jpg person 51 7 57 81 person 1 65 40 57 person 148 13 19 28 person 119 22 13 24 person 131 22 18 28 person 98 22 33 46 person 11 33 17 31 person 2 37 21 38 person 33 32 25 59 car 1 1 498 372 
008798.jpg bus 255 142 235 225 bus 215 184 44 82 bus 199 194 15 49 
008800.jpg car 39 9 367 299 car 30 11 122 101 
008802.jpg horse 89 42 136 170 person 119 16 75 98 
008803.jpg sofa 8 190 173 115 sofa 185 190 259 163 chair 342 298 96 75 
008804.jpg horse 90 52 119 158 person 115 11 69 122 
008807.jpg person 254 78 66 128 person 156 40 40 57 
008808.jpg person 186 46 77 154 person 118 28 73 172 person 38 20 87 179 
008812.jpg person 8 206 340 167 
008816.jpg person 124 56 342 319 
008818.jpg person 244 46 256 329 person 2 48 161 327 
008820.jpg person 160 179 120 216 boat 82 58 199 172 
008821.jpg chair 82 209 68 43 pottedplant 171 34 85 225 pottedplant 231 200 75 66 sofa 39 250 461 124 
008824.jpg car 131 146 83 65 car 211 146 116 63 car 310 149 114 59 car 335 127 44 22 car 366 119 99 44 car 456 141 44 29 motorbike 92 215 156 113 person 129 192 79 111 
008825.jpg aeroplane 143 128 257 83 
008827.jpg dog 211 168 192 104 dog 17 139 157 115 
008828.jpg motorbike 178 87 15 20 car 141 93 26 24 car 120 106 32 26 car 109 125 33 28 car 93 150 42 36 car 88 183 53 48 car 88 226 68 66 motorbike 185 335 53 106 person 189 334 42 44 
008829.jpg car 34 61 372 194 person 75 32 53 79 person 171 43 46 38 person 464 16 36 207 person 388 61 40 74 
008830.jpg cat 78 124 183 132 
008832.jpg bird 215 160 73 93 
008834.jpg sofa 1 92 478 283 
008839.jpg bicycle 295 143 159 183 person 331 51 139 262 person 102 49 129 201 person 72 154 81 147 person 1 8 23 325 
008842.jpg bird 203 107 64 55 
008844.jpg chair 104 185 229 315 person 2 73 299 427 
008845.jpg motorbike 43 103 412 261 person 61 20 251 320 
008846.jpg cat 192 96 247 163 pottedplant 449 1 51 164 
008850.jpg pottedplant 272 10 129 135 pottedplant 170 26 148 198 pottedplant 73 150 173 178 pottedplant 9 239 63 91 
008851.jpg tvmonitor 108 71 144 170 
008852.jpg motorbike 8 3 484 291 person 1 1 37 251 
008853.jpg cow 109 200 220 125 
008855.jpg train 2 52 301 300 
008857.jpg person 55 36 296 339 person 94 38 406 337 person 3 88 138 229 
008860.jpg cat 1 4 288 290 
008861.jpg aeroplane 358 223 30 38 
008863.jpg cow 196 242 48 56 cow 224 194 25 49 cow 253 211 36 51 cow 119 207 36 27 cow 65 238 60 59 cow 83 232 73 55 cow 307 213 47 48 cow 344 209 47 54 cow 436 213 43 55 
008864.jpg sofa 2 191 287 135 chair 344 153 156 170 person 235 67 108 228 person 332 109 131 219 person 146 75 63 117 person 104 149 115 145 person 38 147 122 151 person 44 172 60 64 
008866.jpg bus 405 249 95 117 
008868.jpg boat 18 179 350 94 boat 234 123 146 99 motorbike 312 191 114 133 person 343 128 100 191 
008869.jpg boat 217 1 266 299 boat 160 1 128 275 boat 196 190 290 95 boat 1 291 158 84 person 132 253 28 71 boat 1 216 64 66 boat 31 245 49 38 
008870.jpg bird 131 132 260 201 
008875.jpg cat 211 256 164 244 dog 46 76 192 207 
008877.jpg motorbike 22 1 304 479 
008881.jpg aeroplane 278 100 68 119 
008882.jpg horse 86 125 129 302 person 86 75 148 224 
008887.jpg chair 136 225 152 147 tvmonitor 355 38 92 96 tvmonitor 176 142 121 102 
008889.jpg dog 93 89 249 243 
008893.jpg train 27 122 294 164 train 362 114 125 78 train 390 96 75 30 
008894.jpg bottle 217 98 186 401 person 2 1 497 499 
008895.jpg bus 1 127 180 174 bus 270 163 50 42 bus 234 170 26 26 person 50 192 51 142 person 401 177 14 24 car 291 194 132 52 bicycle 115 279 107 94 
008896.jpg car 185 121 198 77 
008897.jpg person 182 79 196 257 tvmonitor 435 1 65 42 chair 295 41 138 179 
008898.jpg dog 1 43 320 332 
008899.jpg horse 80 46 330 293 person 222 18 113 188 
008901.jpg motorbike 59 234 238 141 person 138 142 119 223 person 217 126 46 87 person 253 128 144 247 
008902.jpg bottle 125 269 30 50 person 93 56 295 319 
008903.jpg car 244 151 114 76 car 320 146 37 28 car 1 151 57 24 
008904.jpg pottedplant 64 121 268 302 
008906.jpg cat 182 164 84 47 car 2 196 498 179 
008907.jpg dog 39 49 436 310 person 153 2 324 357 
008908.jpg aeroplane 1 1 499 258 
008910.jpg car 246 156 38 28 car 172 147 31 12 car 170 156 34 26 car 194 179 37 29 car 199 206 47 35 car 107 117 24 16 car 90 132 29 20 car 106 144 27 23 car 115 161 32 25 car 111 183 39 31 car 108 215 45 27 car 227 98 22 17 car 202 95 21 14 car 190 86 19 16 car 29 178 44 40 
008912.jpg sheep 29 163 240 176 sheep 343 184 66 55 sheep 252 169 39 68 sheep 282 179 40 61 
008915.jpg bus 33 100 254 292 car 283 294 50 89 person 15 283 35 77 
008916.jpg person 292 93 104 240 person 205 71 118 260 person 97 47 112 286 car 415 112 13 12 
008918.jpg sofa 2 97 498 278 person 3 14 306 361 
008922.jpg chair 2 206 85 169 chair 254 156 119 76 person 275 148 87 52 bottle 330 182 11 24 sofa 360 167 140 141 chair 224 230 213 145 
008924.jpg cat 15 43 478 315 
008925.jpg bottle 75 61 29 83 bottle 153 64 37 179 bottle 243 67 18 174 bottle 351 68 35 173 bottle 483 115 17 196 bottle 452 57 36 211 bottle 366 57 46 213 bottle 392 40 69 277 bottle 291 40 63 273 bottle 193 39 66 274 bottle 29 50 57 222 bottle 82 35 68 277 bottle 1 36 38 268 
008928.jpg person 259 82 66 290 person 209 93 59 272 person 147 89 69 286 person 316 94 67 281 person 359 75 70 299 person 406 88 83 287 person 93 91 71 284 person 19 107 92 268 
008934.jpg bird 26 75 194 269 
008935.jpg cat 106 18 375 306 
008937.jpg bird 205 82 102 214 pottedplant 65 1 205 332 pottedplant 369 1 131 332 pottedplant 1 2 59 328 
008938.jpg chair 75 52 232 396 
008941.jpg diningtable 1 200 445 175 chair 5 91 173 170 person 271 145 175 225 
008945.jpg diningtable 5 172 495 161 person 158 28 162 196 
008946.jpg person 241 148 117 153 tvmonitor 3 169 129 109 
008947.jpg tvmonitor 61 195 60 59 pottedplant 263 140 82 118 sofa 312 189 173 129 chair 61 220 138 148 
008949.jpg tvmonitor 235 1 265 206 
008950.jpg aeroplane 117 54 177 134 
008952.jpg motorbike 287 121 71 115 person 268 111 93 56 
008954.jpg chair 1 107 204 268 tvmonitor 1 36 99 102 tvmonitor 180 17 131 114 tvmonitor 302 34 127 139 tvmonitor 419 64 81 197 tvmonitor 83 31 113 100 
008956.jpg bird 157 26 208 293 
008957.jpg chair 1 117 41 150 chair 116 68 192 307 person 107 101 137 274 person 220 78 140 297 person 304 50 97 325 person 185 65 55 72 
008959.jpg bird 1 74 374 301 
008963.jpg chair 19 199 145 150 chair 41 239 175 133 diningtable 1 222 163 114 person 161 62 173 313 person 281 64 219 311 
008964.jpg dog 220 103 276 230 dog 18 74 473 259 person 1 100 122 233 
008972.jpg cat 85 82 393 400 
008974.jpg person 178 11 231 364 person 2 142 204 233 
008977.jpg dog 65 36 335 280 
008981.jpg bird 128 101 266 270 
008984.jpg bird 147 220 41 74 bird 241 448 52 52 
008986.jpg aeroplane 79 121 320 154 aeroplane 274 158 195 168 
008990.jpg person 16 29 265 421 person 10 74 114 228 
008991.jpg tvmonitor 302 85 58 74 chair 106 96 181 272 chair 308 249 176 126 
008992.jpg sheep 17 125 321 250 
008993.jpg person 251 85 119 290 person 169 131 122 244 
008994.jpg motorbike 149 149 248 211 motorbike 2 158 130 187 
008996.jpg cat 47 175 250 288 person 1 99 346 401 car 327 139 47 71 
008998.jpg boat 412 231 40 58 boat 298 239 15 28 boat 238 242 28 39 boat 118 240 32 46 boat 65 220 32 55 boat 8 239 22 32 
009001.jpg boat 104 66 88 356 
009003.jpg person 3 65 330 434 
009008.jpg motorbike 23 59 423 235 car 291 36 34 21 
009009.jpg chair 256 323 114 177 
009010.jpg chair 77 70 85 152 chair 290 77 132 213 tvmonitor 1 1 72 74 
009011.jpg train 70 92 285 195 
009012.jpg bottle 114 1 163 498 bottle 292 27 75 190 person 102 1 273 166 diningtable 2 167 373 333 
009013.jpg sofa 69 230 346 145 person 446 99 24 47 person 450 114 30 32 
009014.jpg dog 274 199 67 127 dog 250 210 63 74 person 115 40 15 39 person 87 38 15 43 
009017.jpg person 182 29 276 344 person 142 32 169 220 person 90 66 116 177 
009021.jpg bus 22 50 269 392 
009023.jpg car 390 49 88 71 person 415 33 43 107 car 46 50 359 269 person 148 17 27 67 person 178 21 28 53 person 18 13 63 174 
009025.jpg dog 52 23 329 309 
009026.jpg boat 36 305 133 60 
009028.jpg bicycle 171 106 196 213 person 156 32 162 203 
009030.jpg aeroplane 2 81 419 236 
009031.jpg sheep 227 146 31 43 sheep 129 98 24 18 sheep 409 75 13 12 sheep 421 76 12 10 
009033.jpg car 322 331 53 33 car 271 326 87 39 car 252 337 79 34 car 207 335 96 42 car 123 327 136 55 car 98 342 144 43 car 31 341 156 56 car 2 341 136 65 car 1 367 66 52 
009038.jpg bus 123 73 239 175 
009040.jpg person 157 146 127 204 
009041.jpg motorbike 133 99 242 186 person 158 69 114 186 
009043.jpg person 169 120 108 105 
009044.jpg person 375 38 61 52 person 465 57 35 98 person 29 50 66 190 person 77 66 30 46 person 4 62 36 127 motorbike 49 41 445 258 
009046.jpg horse 49 155 371 345 person 151 1 209 417 horse 341 231 75 100 person 355 181 64 101 
009047.jpg motorbike 11 53 374 279 person 109 2 55 177 person 180 2 61 125 person 266 2 63 66 person 334 2 68 190 person 407 9 40 105 person 78 17 27 40 person 161 3 23 50 
009050.jpg motorbike 53 47 405 273 motorbike 2 8 120 168 
009052.jpg car 212 110 255 174 person 335 131 36 35 
009054.jpg bird 92 301 93 82 
009055.jpg chair 143 24 285 308 chair 327 97 173 235 
009056.jpg chair 312 208 65 63 chair 335 230 73 80 chair 345 238 81 90 chair 151 209 52 57 chair 109 229 73 80 chair 95 238 80 88 
009057.jpg cat 170 82 209 200 
009061.jpg dog 158 116 259 215 
009062.jpg bus 89 132 298 85 
009065.jpg motorbike 13 107 456 209 
009067.jpg person 171 82 128 163 
009069.jpg motorbike 4 3 496 333 person 2 1 59 180 person 367 1 133 76 
009070.jpg sofa 88 163 338 190 
009071.jpg car 55 78 422 207 
009074.jpg horse 191 146 70 177 person 197 92 67 85 
009075.jpg person 1 104 131 223 person 136 29 145 205 person 130 145 154 163 person 271 147 156 227 person 337 95 163 280 person 277 61 63 127 bottle 335 224 43 127 bottle 97 238 49 93 chair 429 125 71 84 
009076.jpg aeroplane 4 153 496 222 
009077.jpg person 392 96 76 146 person 282 102 58 158 person 307 107 111 156 person 149 114 32 82 person 88 121 52 90 person 41 143 44 42 person 17 145 41 43 car 394 135 106 57 car 260 139 34 33 car 227 135 55 28 car 121 140 89 29 
009081.jpg car 77 63 384 261 
009082.jpg cow 1 96 290 249 
009083.jpg aeroplane 4 160 493 158 
009084.jpg motorbike 43 77 438 298 dog 127 68 110 172 dog 1 217 97 158 person 434 35 27 100 person 435 17 37 51 person 380 27 35 64 person 366 47 19 49 chair 451 83 49 108 chair 369 83 68 97 chair 313 76 62 61 
009088.jpg bird 203 3 256 372 
009090.jpg cat 234 78 108 119 diningtable 2 206 498 169 
009092.jpg bus 217 113 145 117 bus 362 151 39 63 car 402 172 34 59 person 191 171 21 41 
009093.jpg bird 80 72 371 201 
009095.jpg diningtable 1 305 230 195 chair 150 291 55 73 chair 29 426 147 74 sofa 1 249 180 81 
009096.jpg car 11 35 328 153 
009097.jpg tvmonitor 2 73 109 159 
009101.jpg horse 3 80 190 238 horse 3 104 360 214 horse 367 131 104 187 person 76 17 99 301 person 228 90 42 42 person 344 81 133 235 
009102.jpg person 1 151 258 224 
009103.jpg dog 75 1 425 260 dog 135 133 235 160 
009104.jpg bird 223 150 79 115 
009107.jpg cat 1 44 421 330 
009109.jpg chair 97 217 74 38 chair 202 227 93 45 chair 348 239 106 50 diningtable 1 238 499 107 
009110.jpg person 144 62 149 204 
009111.jpg bus 152 65 278 205 bus 424 139 33 81 car 457 172 32 24 motorbike 137 197 16 41 
009115.jpg bicycle 135 135 208 164 person 126 59 141 308 
009118.jpg sofa 145 157 242 165 chair 385 238 75 137 
009119.jpg car 152 175 300 128 person 461 142 30 83 car 313 128 72 51 car 292 137 33 35 car 272 140 28 34 car 259 147 23 27 
009120.jpg boat 274 132 74 19 
009122.jpg bus 289 266 211 89 person 82 295 15 35 person 103 294 12 35 car 125 297 79 36 car 226 305 64 31 
009124.jpg train 126 57 272 230 person 222 190 67 133 
009125.jpg car 119 180 143 55 person 477 172 15 36 person 465 177 14 32 person 151 178 239 197 person 56 166 200 209 person 39 167 13 26 
009127.jpg person 418 202 78 119 person 336 206 70 97 person 60 170 115 205 person 4 138 107 234 person 148 26 231 349 
009130.jpg horse 34 140 328 322 person 137 74 164 232 
009132.jpg cat 72 48 353 261 
009134.jpg train 93 82 313 206 car 397 201 69 29 
009135.jpg bicycle 76 95 356 230 
009137.jpg boat 51 151 62 19 boat 376 122 33 24 boat 269 130 48 14 boat 251 135 36 20 boat 213 147 53 22 boat 107 146 50 19 boat 95 139 36 13 
009139.jpg person 69 1 38 97 person 98 1 70 201 person 1 2 42 197 person 160 4 43 78 person 192 1 65 68 person 386 2 52 76 person 398 2 102 373 person 424 27 58 56 motorbike 111 42 326 332 
009140.jpg car 1 1 499 326 
009142.jpg dog 24 14 271 415 
009143.jpg tvmonitor 66 2 247 179 person 4 80 247 269 person 4 157 367 343 
009145.jpg motorbike 104 57 279 313 motorbike 15 96 120 203 person 54 68 43 69 
009146.jpg bird 155 78 204 259 
009149.jpg car 193 93 303 233 person 385 133 37 34 person 305 128 39 34 
009152.jpg person 93 133 64 193 
009154.jpg diningtable 31 116 449 203 chair 370 87 89 71 chair 268 78 68 63 chair 116 76 71 48 chair 7 203 137 89 diningtable 2 90 37 66 chair 31 66 36 41 chair 17 70 76 72 
009156.jpg car 36 74 266 117 car 158 121 342 254 car 301 75 82 34 car 410 72 65 24 car 355 75 34 17 car 24 82 37 17 car 58 85 24 12 car 98 76 45 18 car 160 71 43 13 car 205 71 52 19 car 284 68 57 29 car 272 76 14 14 
009158.jpg bird 1 54 305 321 
009164.jpg bottle 184 304 30 96 diningtable 59 364 316 136 person 1 214 156 286 
009165.jpg person 441 1 59 101 tvmonitor 89 46 133 165 tvmonitor 217 49 139 129 tvmonitor 302 164 56 66 tvmonitor 203 153 99 91 tvmonitor 1 61 67 112 tvmonitor 1 1 50 54 person 312 180 35 32 
009167.jpg aeroplane 37 101 399 112 
009169.jpg sheep 144 142 65 52 sheep 104 140 50 46 sheep 131 133 53 20 sheep 217 110 18 23 sheep 83 165 35 33 sheep 236 111 16 21 sheep 250 111 14 25 sheep 245 78 11 14 sheep 267 74 9 11 sheep 295 136 37 51 sheep 341 135 25 45 sheep 363 141 31 52 sheep 386 131 13 36 sheep 399 138 35 53 sheep 397 134 23 25 
009170.jpg cow 248 158 114 134 cow 153 154 54 96 cow 115 141 26 48 cow 143 134 27 42 
009171.jpg diningtable 3 192 495 183 person 366 93 134 213 person 378 124 81 123 person 307 128 61 89 person 245 121 63 81 person 171 135 56 59 person 87 128 60 92 person 35 120 58 114 person 1 119 50 147 bottle 206 185 21 70 bottle 262 178 13 49 
009172.jpg pottedplant 1 197 37 91 pottedplant 1 15 184 257 pottedplant 154 142 109 123 pottedplant 181 30 135 214 pottedplant 239 150 77 131 pottedplant 258 100 154 146 pottedplant 295 217 81 100 pottedplant 350 230 79 107 pottedplant 394 167 106 207 
009176.jpg dog 52 118 400 239 
009182.jpg car 19 27 481 308 car 431 11 69 90 car 367 1 61 15 car 429 1 34 15 
009183.jpg cat 54 4 446 369 
009188.jpg bus 15 56 473 230 
009190.jpg dog 62 58 438 400 
009198.jpg bicycle 22 27 462 369 
009199.jpg dog 22 134 357 360 
009201.jpg car 96 163 283 168 person 181 178 118 155 
009203.jpg train 3 125 435 169 
009204.jpg dog 132 62 195 312 sofa 332 257 167 116 
009206.jpg car 132 128 315 116 
009207.jpg person 92 132 282 368 
009210.jpg car 160 223 176 72 
009211.jpg aeroplane 152 140 150 74 
009216.jpg tvmonitor 2 100 374 232 cat 179 1 220 120 
009217.jpg tvmonitor 9 1 316 223 
009219.jpg person 26 46 136 328 person 117 90 82 239 person 214 72 91 210 person 418 47 82 328 person 320 61 60 237 person 310 60 119 308 
009220.jpg train 47 22 382 315 
009222.jpg chair 36 171 273 204 sofa 65 109 286 142 
009223.jpg cow 61 200 169 113 person 292 71 43 116 person 244 64 30 110 
009225.jpg chair 178 289 117 72 chair 100 264 82 56 chair 305 264 103 89 diningtable 199 261 149 61 
009226.jpg tvmonitor 128 1 223 208 
009228.jpg bicycle 284 147 90 206 person 195 25 171 329 
009229.jpg motorbike 320 128 180 132 motorbike 26 133 114 112 person 412 49 84 112 
009231.jpg horse 1 90 265 247 horse 63 82 242 243 horse 174 77 291 232 person 33 54 107 133 person 107 53 108 83 person 270 60 106 114 
009232.jpg bird 194 71 224 304 
009233.jpg dog 157 61 170 236 
009234.jpg cat 2 111 314 264 
009235.jpg dog 82 358 46 131 
009237.jpg bicycle 220 133 60 18 bicycle 225 194 46 125 bicycle 112 310 75 148 person 218 63 83 105 person 231 135 58 131 person 171 146 70 104 person 126 174 90 126 person 120 233 67 184 
009240.jpg boat 229 87 99 87 person 397 128 92 88 person 457 119 41 73 person 305 181 194 194 
009241.jpg car 135 142 109 32 person 86 138 13 17 car 49 145 38 13 
009243.jpg car 100 92 315 238 
009248.jpg person 3 34 328 338 
009253.jpg person 42 25 242 365 
009256.jpg cat 132 81 364 259 
009257.jpg bottle 128 1 83 205 
009258.jpg bicycle 63 175 271 325 person 52 1 269 469 
009260.jpg train 35 149 377 116 
009261.jpg pottedplant 80 182 141 193 car 270 311 26 19 bus 366 281 46 48 car 462 282 17 16 
009262.jpg aeroplane 11 96 477 148 
009263.jpg chair 61 160 75 147 person 17 96 87 211 
009264.jpg cow 134 95 366 279 
009265.jpg bus 30 1 352 321 bus 1 169 32 155 bus 228 3 272 321 
009266.jpg bird 84 2 349 373 
009267.jpg car 24 233 52 23 car 323 240 104 32 car 198 248 96 36 car 483 262 17 32 
009274.jpg tvmonitor 241 186 114 126 person 354 183 96 104 person 1 56 329 319 
009275.jpg sofa 46 248 219 110 
009276.jpg dog 26 271 307 226 sofa 1 177 332 323 
009277.jpg motorbike 55 143 208 179 person 130 103 122 216 
009280.jpg bicycle 3 1 495 331 
009284.jpg car 39 271 460 102 person 196 136 250 135 person 1 274 44 100 person 74 187 19 95 person 98 183 32 97 person 140 184 29 91 person 167 188 44 78 person 167 173 22 34 person 116 181 19 97 person 1 169 44 141 person 377 202 23 26 person 480 211 20 68 person 453 217 29 45 person 453 241 22 30 person 107 272 43 47 person 412 202 27 43 person 202 196 25 45 
009292.jpg aeroplane 1 7 325 465 person 245 458 29 35 person 305 468 22 26 
009293.jpg motorbike 52 1 246 447 
009294.jpg 
009297.jpg bottle 328 152 35 91 bottle 374 134 20 72 bottle 397 164 29 84 bottle 426 199 28 63 person 205 71 75 82 person 169 66 93 117 person 101 74 204 260 person 2 107 188 268 person 412 71 72 110 person 444 80 56 144 diningtable 181 150 319 224 
009298.jpg bus 1 19 356 354 
009300.jpg bird 64 153 109 216 bird 173 84 113 190 
009301.jpg cow 178 88 322 285 
009302.jpg car 39 131 421 183 motorbike 1 122 90 65 
009304.jpg person 368 217 40 48 car 231 237 53 102 bus 285 36 215 339 bus 162 117 127 146 
009305.jpg bicycle 76 74 325 244 
009310.jpg cat 176 128 83 112 tvmonitor 86 53 128 108 chair 111 172 386 202 chair 1 189 118 134 
009311.jpg person 1 34 68 216 bottle 42 88 15 37 chair 416 163 74 113 chair 332 167 71 119 chair 306 160 63 107 
009313.jpg chair 2 277 135 85 chair 1 428 176 72 pottedplant 1 354 44 73 
009314.jpg bus 183 192 138 138 person 90 209 261 291 person 214 252 125 185 person 202 211 52 89 person 57 235 43 116 
009317.jpg person 133 82 87 187 
009319.jpg tvmonitor 80 55 382 410 tvmonitor 1 1 32 47 
009320.jpg sheep 288 215 163 160 sheep 430 329 70 46 sheep 440 254 40 32 sheep 192 284 84 77 sheep 249 211 51 40 person 1 104 293 271 
009321.jpg car 33 57 445 228 
009322.jpg motorbike 298 239 53 89 person 305 207 47 99 car 1 224 46 53 car 31 220 62 44 car 72 209 58 47 car 119 214 37 38 car 140 212 38 33 car 154 195 51 45 car 273 200 20 17 bus 203 184 30 35 
009328.jpg sofa 3 79 421 240 person 264 2 161 317 person 38 56 132 222 person 3 69 214 250 person 169 63 127 171 
009329.jpg aeroplane 5 3 493 330 
009332.jpg aeroplane 196 247 138 109 aeroplane 1 245 80 99 person 158 293 75 104 
009335.jpg car 98 147 181 61 
009338.jpg motorbike 84 112 333 219 
009340.jpg train 59 150 372 117 
009341.jpg car 23 82 457 223 
009344.jpg person 293 2 193 332 person 199 98 56 74 person 233 104 83 165 
009345.jpg sofa 132 118 365 174 sofa 2 170 134 205 person 298 87 162 288 
009346.jpg cat 60 123 160 182 cat 243 105 194 212 
009352.jpg cat 248 131 134 124 person 124 2 50 226 
009353.jpg sofa 2 157 312 176 
009355.jpg bicycle 15 51 439 267 diningtable 40 288 398 87 chair 402 255 64 120 chair 100 233 96 65 chair 2 252 86 123 
009356.jpg aeroplane 423 141 23 19 aeroplane 435 160 19 17 aeroplane 445 178 20 20 aeroplane 434 199 19 17 aeroplane 456 200 19 16 aeroplane 475 199 21 16 aeroplane 440 218 19 17 aeroplane 426 237 18 17 aeroplane 414 257 19 16 
009357.jpg tvmonitor 365 149 135 156 tvmonitor 189 182 116 120 
009360.jpg car 185 121 273 206 
009361.jpg motorbike 111 140 231 118 person 137 102 129 155 person 335 13 67 157 person 375 35 51 130 
009363.jpg person 1 81 307 419 sofa 1 128 374 372 
009364.jpg person 263 2 237 373 person 8 92 308 283 person 145 41 29 36 person 209 39 29 39 person 236 29 62 52 
009366.jpg bottle 14 4 144 465 
009367.jpg sofa 333 204 163 101 sofa 100 201 216 93 pottedplant 344 156 38 68 
009369.jpg horse 93 25 186 172 person 133 9 82 92 
009370.jpg person 90 113 120 227 bicycle 51 207 189 163 
009372.jpg train 103 128 296 131 
009376.jpg car 1 103 365 244 person 303 104 47 88 person 256 108 41 66 person 242 68 38 108 person 277 75 28 61 person 305 75 40 75 person 345 94 35 147 person 454 85 32 63 person 444 141 50 83 car 372 110 91 34 person 178 149 20 24 person 150 151 12 21 person 1 132 37 67 person 461 160 34 57 
009379.jpg tvmonitor 220 219 28 31 tvmonitor 402 217 34 35 tvmonitor 164 216 22 29 
009380.jpg horse 87 84 310 161 person 209 41 86 143 
009381.jpg car 42 2 458 337 car 1 1 244 123 
009383.jpg dog 3 3 493 338 
009384.jpg car 167 293 99 79 car 70 303 80 58 car 2 298 56 76 car 60 295 44 40 car 36 298 29 34 car 148 308 36 30 car 276 313 53 38 bus 313 295 35 45 
009385.jpg diningtable 5 25 495 350 
009387.jpg bus 206 238 150 38 car 391 248 52 21 car 5 262 47 15 car 173 256 37 21 
009390.jpg bird 6 19 400 309 
009391.jpg person 82 146 146 260 
009395.jpg bird 84 160 115 74 
009396.jpg car 134 420 132 80 car 30 455 60 26 
009397.jpg tvmonitor 1 163 88 77 chair 105 188 85 98 sofa 416 181 84 123 
009399.jpg train 142 67 273 208 
009400.jpg cow 352 134 77 126 
009402.jpg person 169 88 286 245 
009403.jpg cat 104 27 189 76 
009404.jpg tvmonitor 1 32 258 244 tvmonitor 261 53 239 264 
009415.jpg person 70 108 186 213 person 153 1 345 319 person 465 152 35 117 person 199 179 89 99 person 28 154 71 167 
009416.jpg pottedplant 8 85 492 289 pottedplant 1 1 189 215 
009423.jpg boat 131 4 213 311 person 287 259 22 38 person 257 260 17 37 person 228 259 22 38 
009425.jpg person 210 22 133 353 
009426.jpg car 181 197 202 104 
009427.jpg car 1 8 489 325 
009428.jpg person 4 40 316 460 
009430.jpg car 1 51 499 303 person 443 39 32 82 person 474 22 26 109 person 111 29 37 51 person 57 19 50 61 person 20 32 50 51 person 2 16 20 69 person 135 30 40 50 person 374 29 20 28 person 359 37 14 19 person 347 33 14 23 person 322 41 18 15 person 202 39 15 19 person 164 36 21 25 person 418 63 20 20 
009431.jpg bottle 1 107 120 393 cat 65 1 310 499 
009435.jpg chair 376 141 124 153 sofa 1 138 251 190 
009436.jpg train 158 29 168 225 person 370 149 73 135 person 138 181 18 21 
009441.jpg person 5 3 391 372 motorbike 4 273 496 102 
009442.jpg dog 2 16 390 317 
009444.jpg chair 139 271 80 104 chair 1 279 69 96 chair 298 270 82 105 chair 370 271 29 104 chair 393 257 93 118 diningtable 33 289 125 86 diningtable 256 298 244 77 
009447.jpg bicycle 41 24 336 238 
009449.jpg dog 127 133 341 197 
009450.jpg cow 243 170 132 164 cow 30 153 136 176 cow 1 141 95 101 cow 160 119 121 54 cow 193 160 27 71 cow 117 119 75 118 
009451.jpg sheep 190 161 219 214 sheep 138 103 206 222 sheep 123 48 66 49 sheep 408 69 60 25 sheep 3 65 38 70 sheep 1 84 25 86 sheep 468 52 28 17 sheep 429 53 15 17 sheep 470 89 29 18 sheep 361 52 19 15 sheep 307 47 30 22 sheep 275 52 24 15 sheep 3 46 33 22 sheep 107 51 14 16 sheep 118 59 18 24 
009452.jpg chair 256 163 26 140 person 275 77 81 236 person 414 102 86 230 person 1 27 96 148 person 1 122 233 210 
009453.jpg bird 2 149 354 226 
009462.jpg pottedplant 105 286 161 186 
009467.jpg bird 93 206 200 136 bird 84 37 91 110 bird 18 43 72 98 
009471.jpg sofa 2 4 498 347 
009473.jpg person 339 99 161 276 person 181 91 163 284 person 30 96 198 279 
009474.jpg tvmonitor 142 1 233 364 
009475.jpg car 4 67 496 266 person 174 92 78 57 
009478.jpg chair 213 1 233 315 person 96 25 213 311 
009482.jpg diningtable 68 110 265 264 person 325 135 175 237 person 326 118 40 42 person 307 108 25 29 person 249 92 35 32 person 231 100 38 51 person 214 101 31 60 person 189 101 43 67 person 141 117 84 138 person 8 153 117 197 person 12 21 235 194 bottle 272 147 23 44 bottle 256 163 24 43 person 440 49 33 33 person 412 40 31 42 chair 215 85 24 39 chair 250 82 27 39 person 450 99 46 40 bottle 457 127 11 22 
009483.jpg cat 14 19 319 468 
009485.jpg dog 153 11 297 342 
009486.jpg sofa 3 217 199 128 tvmonitor 115 199 45 34 diningtable 195 252 180 204 chair 241 272 103 227 chair 310 213 48 50 chair 202 231 64 170 chair 220 217 27 58 
009487.jpg chair 401 214 99 161 chair 72 221 178 154 person 43 52 266 323 
009489.jpg cat 173 104 127 140 
009492.jpg car 101 61 388 191 
009493.jpg bicycle 39 189 277 141 person 16 123 176 168 
009495.jpg motorbike 331 81 169 270 motorbike 177 75 165 269 motorbike 24 96 170 241 
009498.jpg bus 97 65 259 234 person 266 182 24 39 person 227 188 16 37 person 59 214 13 23 
009501.jpg train 193 118 81 112 
009503.jpg sofa 55 186 268 189 
009505.jpg horse 102 111 244 304 person 171 56 127 216 
009506.jpg train 2 2 498 331 
009509.jpg bicycle 263 39 206 142 
009510.jpg bus 86 141 292 143 
009511.jpg tvmonitor 237 68 112 106 person 194 72 168 245 chair 96 114 231 261 
009513.jpg dog 105 179 181 291 chair 67 232 269 250 
009514.jpg chair 152 159 107 160 chair 284 163 112 148 chair 377 159 59 131 chair 418 155 43 118 chair 87 146 66 143 person 106 114 58 172 person 167 113 37 53 person 195 114 74 179 person 373 116 41 84 person 311 120 72 107 pottedplant 5 39 86 220 diningtable 217 159 141 128 pottedplant 243 67 80 100 
009521.jpg sofa 1 245 157 130 tvmonitor 472 189 28 78 chair 399 250 61 54 chair 412 305 88 70 diningtable 415 272 85 103 
009522.jpg cat 29 32 370 315 
009525.jpg 
009529.jpg diningtable 415 265 84 107 chair 195 291 93 84 chair 294 234 75 110 person 220 189 192 186 person 313 169 123 203 person 415 167 85 111 person 181 85 98 219 person 38 124 68 184 
009530.jpg bus 191 245 88 27 car 280 250 36 17 car 120 266 54 21 car 42 267 70 31 car 1 277 14 22 
009534.jpg bicycle 312 247 121 85 bicycle 67 237 93 68 person 330 201 82 108 person 75 199 62 99 
009535.jpg horse 181 90 243 242 person 227 48 96 227 
009536.jpg car 57 61 443 293 person 3 83 27 97 
009538.jpg boat 156 236 344 72 boat 1 249 64 62 
009539.jpg person 100 195 25 64 person 82 200 25 61 person 125 204 28 65 person 138 197 26 56 person 192 190 48 84 person 260 170 85 154 person 323 183 45 115 person 366 177 51 131 person 432 167 68 152 
009544.jpg cat 7 2 309 235 
009547.jpg bottle 241 309 85 191 bottle 113 203 55 226 bottle 1 192 48 191 bottle 2 317 17 89 person 46 26 304 283 
009548.jpg train 125 155 173 232 train 1 159 167 220 person 298 231 11 35 person 311 227 11 36 person 319 230 10 33 person 333 229 11 34 person 346 239 22 27 
009552.jpg cat 65 35 230 460 
009553.jpg aeroplane 135 167 66 31 aeroplane 239 124 70 31 aeroplane 246 153 66 31 aeroplane 255 181 64 29 aeroplane 354 83 70 33 aeroplane 359 113 65 30 aeroplane 358 141 65 32 aeroplane 362 171 63 27 aeroplane 366 195 63 26 
009554.jpg person 1 124 294 246 tvmonitor 138 136 42 82 sofa 380 206 120 158 
009555.jpg bus 384 95 105 33 
009556.jpg person 192 3 308 372 person 93 73 173 302 dog 3 146 175 228 
009559.jpg bicycle 346 159 121 90 bicycle 185 155 159 93 person 248 91 47 150 person 308 86 71 162 
009561.jpg tvmonitor 84 82 114 104 tvmonitor 2 2 59 71 person 121 78 247 282 
009563.jpg motorbike 5 192 278 308 person 170 135 114 283 person 229 137 55 213 motorbike 285 220 43 85 
009564.jpg bicycle 108 222 109 97 person 122 144 70 131 car 271 164 135 98 car 205 173 80 41 car 70 171 134 47 car 1 182 28 44 
009569.jpg sheep 133 170 101 131 horse 89 203 312 137 
009570.jpg bottle 69 94 48 119 bottle 42 88 47 119 bottle 6 85 48 119 
009572.jpg dog 203 79 132 180 
009574.jpg person 1 78 159 297 person 136 81 141 288 person 267 68 132 307 person 358 63 142 312 
009575.jpg cat 95 1 405 286 
009578.jpg person 85 44 415 291 
009581.jpg pottedplant 9 22 162 244 pottedplant 137 216 87 49 pottedplant 178 121 147 143 pottedplant 335 124 165 151 
009582.jpg chair 3 62 154 272 diningtable 3 84 497 291 
009583.jpg dog 281 18 117 78 person 1 1 323 330 person 259 1 241 244 
009589.jpg cat 12 116 366 206 
009590.jpg car 18 85 474 214 person 43 135 32 57 person 86 133 32 36 person 120 140 22 24 car 8 149 85 68 
009592.jpg dog 100 100 140 170 sofa 51 128 213 142 
009593.jpg car 172 174 222 95 person 393 153 36 114 
009594.jpg tvmonitor 224 288 110 87 
009595.jpg chair 43 17 394 246 person 82 33 27 70 
009599.jpg car 100 45 300 136 person 2 1 131 299 
009601.jpg car 118 180 109 75 person 438 159 37 112 person 467 156 33 117 person 388 148 41 114 person 312 147 51 101 person 378 149 16 106 person 361 152 21 102 person 241 161 23 75 person 277 162 24 76 person 262 166 17 68 person 305 166 23 75 person 212 166 37 68 person 1 117 130 222 person 332 69 34 60 person 383 58 32 58 person 361 66 18 58 person 375 57 16 63 
009602.jpg pottedplant 334 104 135 146 pottedplant 169 31 164 153 pottedplant 2 2 184 197 pottedplant 118 117 113 128 pottedplant 229 154 115 115 pottedplant 273 244 128 128 pottedplant 143 209 130 150 pottedplant 27 192 125 137 
009604.jpg dog 50 10 325 490 
009606.jpg diningtable 39 320 336 180 pottedplant 175 305 63 46 chair 77 329 150 171 chair 234 297 64 46 chair 29 278 67 184 chair 259 367 116 133 pottedplant 79 224 61 53 
009607.jpg bird 128 129 235 155 bird 175 209 285 139 
009608.jpg bird 160 73 117 148 
009610.jpg person 12 30 267 467 
009612.jpg person 15 108 331 392 
009616.jpg bird 47 93 359 198 
009622.jpg person 86 57 196 276 person 252 110 220 223 
009624.jpg dog 205 59 69 150 
009625.jpg train 44 96 234 337 
009626.jpg sofa 2 129 484 224 person 35 147 406 128 
009628.jpg sofa 1 179 365 196 person 1 123 123 252 person 78 116 263 259 
009630.jpg cat 338 159 66 149 pottedplant 295 95 36 47 pottedplant 331 103 31 39 pottedplant 370 92 49 55 bottle 47 145 26 68 bottle 20 156 27 60 
009631.jpg tvmonitor 444 144 31 28 chair 400 165 75 87 chair 197 139 30 26 chair 36 176 68 84 
009632.jpg chair 312 268 84 65 
009633.jpg person 15 170 84 77 bottle 4 206 10 44 bottle 79 196 14 55 bottle 106 202 13 48 person 100 166 71 91 person 421 91 79 86 person 299 90 101 94 person 156 37 236 238 
009635.jpg sofa 12 386 241 111 chair 255 370 65 100 
009639.jpg motorbike 10 19 304 301 
009640.jpg cat 150 114 220 118 
009642.jpg bird 164 183 45 51 
009643.jpg bus 208 195 97 54 car 344 213 22 25 car 316 207 17 15 car 192 213 24 13 
009645.jpg bottle 128 22 80 254 bottle 224 4 64 271 bottle 309 9 62 146 
009646.jpg cat 58 82 322 293 chair 1 9 499 366 
009648.jpg person 272 1 102 233 
009651.jpg sofa 3 163 230 212 chair 252 128 153 207 person 97 21 308 354 
009652.jpg car 5 6 312 257 
009653.jpg person 2 37 166 338 
009657.jpg person 139 62 166 274 motorbike 45 120 277 231 
009660.jpg dog 196 222 141 148 person 12 156 320 256 
009661.jpg horse 55 58 345 233 person 214 36 92 133 person 46 92 28 114 horse 1 143 78 120 
009662.jpg chair 224 209 122 93 chair 352 199 109 85 chair 2 269 68 106 diningtable 75 263 425 112 
009663.jpg chair 213 236 287 139 chair 1 164 112 129 sofa 238 142 235 124 
009665.jpg person 118 145 37 114 horse 79 170 40 85 horse 340 116 113 59 horse 236 148 84 36 horse 193 152 52 33 
009669.jpg cat 3 2 497 331 
009672.jpg cat 416 76 84 130 cat 150 114 293 261 
009673.jpg person 70 11 119 135 motorbike 6 53 211 149 
009674.jpg motorbike 74 125 250 325 person 2 138 72 237 person 98 121 58 170 person 226 128 87 273 
009675.jpg car 80 20 420 254 
009677.jpg bicycle 86 23 336 289 chair 1 2 124 154 
009680.jpg car 1 107 87 161 car 41 89 373 254 car 478 92 22 156 person 316 82 76 192 
009682.jpg train 1 93 406 171 train 337 108 163 91 
009683.jpg bus 86 110 346 159 car 69 168 20 23 
009688.jpg car 100 4 229 141 car 38 105 356 270 
009689.jpg tvmonitor 235 53 92 88 chair 257 164 186 209 
009690.jpg chair 345 195 62 99 chair 242 192 28 88 chair 250 227 70 106 diningtable 266 210 124 106 
009694.jpg car 333 306 87 45 car 266 306 82 44 car 175 305 97 43 
009696.jpg bird 14 203 54 50 person 231 1 269 333 
009697.jpg tvmonitor 51 180 63 55 person 14 4 471 371 
009701.jpg car 85 135 227 86 
009704.jpg bus 43 130 226 114 person 118 196 31 92 person 80 189 24 76 person 164 191 25 97 person 230 194 27 71 person 385 198 19 74 person 397 204 36 81 person 366 180 19 62 person 385 189 16 58 person 414 169 23 61 person 444 184 21 66 person 479 188 21 69 car 309 186 45 29 
009705.jpg motorbike 439 8 61 130 car 239 1 158 45 car 431 1 69 35 motorbike 342 5 126 91 motorbike 202 30 214 102 motorbike 55 60 412 199 
009708.jpg chair 5 129 208 201 chair 235 172 238 203 person 30 97 160 146 
009714.jpg person 21 408 16 37 person 1 401 21 49 
009715.jpg person 33 96 258 279 person 189 128 253 247 person 290 122 210 236 sofa 29 163 431 211 
009716.jpg bird 79 117 223 205 
009720.jpg cat 160 2 340 373 
009722.jpg horse 100 180 100 182 person 70 240 135 120 
009723.jpg car 1 69 498 296 car 1 15 104 105 car 89 22 92 25 car 78 25 57 20 car 65 18 51 24 car 374 26 123 65 
009725.jpg bicycle 4 230 125 123 
009727.jpg boat 187 316 21 37 boat 207 319 20 36 boat 227 332 10 12 boat 242 278 23 28 boat 219 275 24 29 boat 195 280 24 23 boat 216 252 15 24 boat 200 255 14 15 boat 181 256 17 19 boat 167 259 14 17 boat 192 243 12 13 boat 145 220 46 37 boat 164 245 11 12 boat 140 206 17 15 boat 125 206 16 13 boat 128 184 9 14 boat 110 174 15 25 boat 103 188 11 13 
009728.jpg boat 215 41 34 142 person 348 246 39 39 
009730.jpg bicycle 244 78 182 223 person 196 64 126 165 
009731.jpg bird 86 71 255 177 
009736.jpg 
009739.jpg person 61 66 294 434 
009740.jpg car 175 155 123 81 
009741.jpg chair 1 216 41 112 chair 109 233 90 130 person 185 77 243 295 person 133 180 72 128 person 189 196 31 46 pottedplant 103 217 31 56 
009742.jpg chair 2 7 141 163 diningtable 2 87 498 346 chair 415 1 85 118 
009744.jpg dog 350 88 106 135 dog 38 56 119 182 person 258 1 89 208 person 1 1 127 198 
009750.jpg pottedplant 336 140 65 235 pottedplant 206 216 57 157 pottedplant 128 157 52 201 pottedplant 16 168 36 165 person 37 219 67 156 
009751.jpg train 75 33 328 296 
009752.jpg bicycle 118 156 264 219 
009753.jpg cat 107 171 155 85 
009757.jpg car 10 75 480 178 
009759.jpg bird 3 3 430 325 
009760.jpg cow 50 82 450 285 
009765.jpg cat 111 56 227 287 
009766.jpg sofa 1 119 499 319 person 245 79 255 201 person 92 71 404 364 
009768.jpg cow 307 170 30 64 cow 52 168 42 67 cow 199 170 35 62 cow 227 170 24 59 cow 119 162 82 77 horse 345 131 81 125 person 351 96 55 113 car 77 161 44 12 
009769.jpg sofa 36 162 432 178 
009770.jpg car 72 274 329 99 
009771.jpg cow 164 217 280 158 cow 90 174 343 201 
009775.jpg bird 39 63 134 367 
009777.jpg car 337 184 99 50 car 455 191 45 44 car 194 175 101 59 car 1 192 73 70 
009779.jpg car 97 186 226 143 car 349 177 145 134 person 264 133 38 105 person 306 135 52 147 person 354 144 47 152 
009782.jpg bottle 239 183 11 40 bottle 330 251 25 77 bottle 418 234 23 69 person 361 96 35 68 person 97 95 70 82 person 114 138 67 80 person 213 138 86 92 person 318 148 88 100 person 456 162 44 119 person 1 145 50 92 person 16 158 221 216 chair 2 214 122 161 diningtable 94 215 406 160 
009783.jpg person 191 119 114 177 
009784.jpg train 1 98 474 265 
009786.jpg cat 89 78 192 132 dog 266 1 183 279 
009787.jpg dog 324 4 135 256 pottedplant 1 20 146 312 pottedplant 203 123 53 68 pottedplant 280 48 47 66 pottedplant 185 33 89 85 pottedplant 172 69 46 70 
009788.jpg bicycle 58 62 429 275 tvmonitor 461 79 26 35 
009791.jpg train 1 209 433 166 
009793.jpg boat 58 80 384 272 
009795.jpg tvmonitor 93 159 101 70 
009798.jpg person 295 127 161 217 person 289 128 98 122 person 118 134 73 109 person 68 139 97 134 person 12 154 109 193 diningtable 54 153 290 219 chair 281 239 154 136 person 462 94 38 36 bottle 208 228 17 66 bottle 167 202 25 76 bottle 231 172 15 36 
009799.jpg dog 18 28 471 210 dog 253 180 247 153 
009802.jpg dog 47 218 143 157 dog 76 113 188 142 person 102 25 325 343 
009803.jpg horse 127 125 178 118 person 185 82 59 129 
009804.jpg person 458 129 13 22 person 458 131 33 96 person 486 128 14 47 person 362 130 19 33 person 390 133 14 30 car 12 135 376 198 person 157 136 14 14 person 198 133 14 23 person 135 135 7 11 person 121 134 14 15 person 77 132 16 15 
009806.jpg bus 183 40 219 269 car 401 204 10 32 car 457 202 15 11 person 492 199 8 36 car 102 185 28 46 car 30 203 73 33 car 1 179 21 46 person 5 185 31 83 
009811.jpg boat 2 50 366 145 boat 344 96 156 99 boat 438 171 30 28 
009812.jpg sofa 2 308 331 154 person 8 203 178 293 
009814.jpg cat 146 65 201 236 
009815.jpg diningtable 18 210 411 146 chair 351 257 124 99 chair 295 192 86 54 chair 215 189 46 34 chair 31 184 70 47 chair 31 217 127 139 chair 137 239 111 117 
009817.jpg bird 149 127 299 246 
009818.jpg sheep 314 223 37 31 sheep 242 181 31 24 sheep 66 204 25 25 sheep 15 202 27 20 
009820.jpg cat 1 1 499 346 
009821.jpg car 15 117 432 145 
009824.jpg aeroplane 116 134 273 85 
009826.jpg dog 190 124 137 251 
009827.jpg train 43 94 155 126 train 279 150 51 28 car 471 163 29 50 
009829.jpg car 249 283 61 42 car 447 270 53 60 car 217 285 32 52 car 389 280 16 17 car 404 280 15 16 car 1 240 217 135 car 316 264 74 57 
009835.jpg aeroplane 121 130 276 99 
009837.jpg tvmonitor 383 3 117 73 
009838.jpg aeroplane 5 97 481 148 
009840.jpg tvmonitor 100 67 323 257 person 181 114 64 121 person 115 131 71 105 person 267 159 47 74 bottle 1 206 25 152 
009843.jpg bird 77 94 130 116 person 2 24 367 476 
009844.jpg train 2 21 498 296 person 105 260 66 115 person 272 101 23 66 person 199 54 31 45 
009846.jpg sofa 95 127 392 232 chair 36 116 44 77 
009847.jpg car 200 117 102 77 person 7 241 38 92 person 52 239 52 93 
009849.jpg car 82 179 171 68 
009850.jpg motorbike 258 236 50 88 motorbike 58 157 200 261 person 180 154 95 233 person 259 215 49 100 
009853.jpg diningtable 29 124 120 162 chair 2 106 126 189 chair 124 188 59 102 person 135 2 294 341 person 375 41 42 45 person 424 43 34 37 
009854.jpg chair 403 138 77 98 chair 347 141 54 90 chair 271 130 20 63 chair 282 137 59 82 chair 189 162 82 132 chair 65 192 100 122 chair 2 189 85 113 diningtable 327 130 102 43 diningtable 68 158 151 117 diningtable 148 127 64 33 person 128 109 18 31 person 144 107 23 28 person 166 105 25 27 person 204 106 20 24 person 235 109 31 58 person 181 123 78 112 person 111 121 37 44 person 57 130 47 49 person 3 129 66 113 person 277 102 33 35 person 326 98 30 33 person 359 98 41 33 person 402 99 29 32 person 422 100 55 42 person 397 103 67 118 person 298 105 48 109 pottedplant 443 31 57 104 
009856.jpg car 113 245 79 57 car 380 243 119 85 car 1 252 80 75 
009857.jpg motorbike 3 37 332 456 person 5 62 330 392 
009861.jpg sheep 355 169 145 171 sheep 310 110 80 117 sheep 71 167 149 201 sheep 129 122 153 123 sheep 197 102 75 41 
009864.jpg train 1 143 362 102 
009866.jpg bicycle 51 109 373 236 
009871.jpg person 177 37 320 338 
009873.jpg car 169 128 292 130 
009875.jpg cat 216 179 159 197 cat 4 275 127 161 
009876.jpg aeroplane 90 61 327 148 
009883.jpg car 33 103 455 163 
009885.jpg boat 1 2 499 373 person 185 157 150 218 person 175 198 34 31 person 44 192 46 37 person 120 167 14 19 
009888.jpg tvmonitor 202 113 114 158 
009889.jpg dog 142 156 224 109 
009890.jpg motorbike 43 87 312 193 person 84 41 129 263 
009891.jpg bottle 22 1 103 187 
009892.jpg person 49 1 425 332 
009893.jpg bird 127 134 37 67 bird 212 126 36 72 
009895.jpg car 51 125 279 178 car 302 111 131 90 car 177 103 111 71 car 1 100 75 85 person 19 35 33 73 person 293 64 21 27 person 270 67 18 26 
009899.jpg dog 140 2 326 373 
009901.jpg person 104 76 95 261 person 265 46 159 322 chair 20 174 57 60 chair 80 191 41 64 chair 262 188 40 83 chair 457 215 43 86 diningtable 189 185 67 81 diningtable 373 208 78 88 
009903.jpg horse 86 82 326 237 person 222 49 71 170 person 340 87 61 225 car 1 80 37 21 car 1 85 11 17 car 36 79 46 21 
009906.jpg tvmonitor 26 86 96 81 tvmonitor 128 85 92 79 tvmonitor 220 89 89 70 tvmonitor 334 61 120 98 
009907.jpg dog 2 122 311 336 
009909.jpg cow 37 42 318 297 cow 307 170 68 69 
009910.jpg person 183 75 138 408 
009912.jpg cow 98 64 303 288 
009914.jpg tvmonitor 276 224 38 31 tvmonitor 313 223 40 32 chair 305 253 60 87 
009915.jpg person 5 89 169 301 person 311 114 135 283 person 42 109 265 291 person 192 191 96 88 
009916.jpg chair 217 84 54 82 sofa 17 96 239 154 chair 278 110 161 159 
009919.jpg aeroplane 27 135 446 110 
009921.jpg train 146 152 354 42 
009922.jpg dog 180 79 263 231 
009924.jpg motorbike 6 36 367 464 
009925.jpg pottedplant 137 4 354 337 
009927.jpg car 70 156 374 109 
009928.jpg pottedplant 136 90 82 162 pottedplant 102 68 242 422 chair 8 203 76 120 chair 1 263 66 117 chair 71 227 89 131 
009929.jpg bottle 1 125 355 270 
009930.jpg diningtable 279 276 221 99 chair 76 234 97 141 person 92 8 293 367 
009931.jpg person 135 159 35 91 
009933.jpg horse 49 8 451 392 
009934.jpg bird 215 101 68 143 
009936.jpg bus 224 64 198 202 
009937.jpg horse 43 117 457 159 person 350 89 113 142 
009941.jpg person 232 67 88 172 person 171 62 68 178 person 101 41 77 199 person 51 61 65 179 person 2 41 71 199 person 267 46 53 120 person 209 52 13 43 person 221 50 10 46 person 229 52 13 46 person 238 49 22 22 
009943.jpg car 204 111 127 97 
009948.jpg 
009951.jpg train 236 128 264 205 person 305 192 32 36 person 346 197 32 30 person 379 192 39 35 person 429 189 38 38 
009952.jpg dog 79 56 246 398 
009953.jpg bicycle 27 84 464 265 
009956.jpg cat 118 21 283 279 
009957.jpg person 106 89 130 219 horse 54 128 241 308 
009960.jpg motorbike 26 140 292 178 person 92 46 220 221 
009962.jpg chair 211 192 113 134 person 162 72 111 176 person 250 68 223 244 person 4 2 249 372 diningtable 358 216 142 159 
009963.jpg car 2 3 372 497 
